start	mean
-21600	0.025738
-21540	0.068888
-21480	0.069791
-21420	0.105766
-21360	0.089676
-21300	0.011259
-21240	0.191449
-21180	0.036600
-21120	0.081034
-21060	0.222746
-21000	0.112684
-20940	0.212810
-20880	0.094335
-20820	0.205412
-20760	0.061657
-20700	0.177545
-20640	0.161780
-20580	0.171278
-20520	0.156744
-20460	0.069527
-20400	0.131218
-20340	0.140833
-20280	0.147231
-20220	0.041266
-20160	0.075634
-20100	0.082310
-20040	0.175642
-19980	0.156126
-19920	0.079920
-19860	0.082351
-19800	0.227203
-19740	0.099448
-19680	0.085521
-19620	0.131097
-19560	0.039051
-19500	0.105795
-19440	0.204183
-19380	0.163712
-19320	0.212175
-19260	0.207635
-19200	0.192121
-19140	0.084592
-19080	0.131871
-19020	0.189805
-18960	0.095211
-18900	0.090700
-18840	0.205606
-18780	0.095402
-18720	0.156444
-18660	0.142715
-18600	0.141370
-18540	0.100198
-18480	0.073510
-18420	0.246023
-18360	0.179191
-18300	0.143194
-18240	0.119425
-18180	0.132408
-18120	0.125981
-18060	0.145793
-18000	0.196365
-17940	0.114715
-17880	0.092082
-17820	0.082710
-17760	0.235791
-17700	0.153680
-17640	0.076694
-17580	0.145986
-17520	0.039301
-17460	0.172738
-17400	0.150805
-17340	0.163181
-17280	0.116900
-17220	0.156052
-17160	0.123261
-17100	0.166157
-17040	0.194634
-16980	0.090158
-16920	0.170254
-16860	0.073130
-16800	0.115682
-16740	0.060316
-16680	0.175603
-16620	0.099062
-16560	0.088730
-16500	0.099339
-16440	0.183612
-16380	0.131184
-16320	0.118859
-16260	0.111876
-16200	0.132404
-16140	0.151094
-16080	0.167453
-16020	-0.013544
-15960	0.142545
-15900	0.172451
-15840	0.088613
-15780	0.102434
-15720	0.120332
-15660	0.164802
-15600	0.139259
-15540	0.123424
-15480	0.075678
-15420	0.117636
-15360	0.092964
-15300	0.060488
-15240	0.226741
-15180	0.131022
-15120	0.119602
-15060	0.165392
-15000	0.126871
-14940	0.112022
-14880	0.190070
-14820	0.199484
-14760	0.122873
-14700	0.101522
-14640	0.142161
-14580	0.162213
-14520	0.190890
-14460	0.055408
-14400	0.197939
-14340	0.198518
-14280	0.082059
-14220	0.139500
-14160	0.112108
-14100	0.040051
-14040	0.100837
-13980	0.059451
-13920	0.090160
-13860	0.018172
-13800	0.159472
-13740	0.024492
-13680	0.176909
-13620	0.091987
-13560	0.043981
-13500	0.091507
-13440	0.140836
-13380	0.052869
-13320	0.091291
-13260	0.187420
-13200	0.094908
-13140	0.079908
-13080	0.059428
-13020	0.166045
-12960	0.096430
-12900	0.149159
-12840	0.125022
-12780	0.084554
-12720	0.090708
-12660	0.068958
-12600	0.120513
-12540	0.115274
-12480	0.091239
-12420	0.177066
-12360	0.182285
-12300	0.133502
-12240	0.058811
-12180	0.051892
-12120	0.116364
-12060	0.128262
-12000	0.136330
-11940	0.144611
-11880	0.132407
-11820	0.151570
-11760	0.195127
-11700	0.112472
-11640	0.152465
-11580	0.149196
-11520	0.046623
-11460	0.144263
-11400	0.185847
-11340	0.158257
-11280	0.069844
-11220	0.106494
-11160	0.214694
-11100	0.072112
-11040	0.121807
-10980	0.072965
-10920	0.155267
-10860	0.130514
-10800	0.155582
-10740	0.164746
-10680	0.105994
-10620	0.081064
-10560	0.054849
-10500	0.101115
-10440	0.125322
-10380	0.072957
-10320	0.173834
-10260	0.178021
-10200	0.094853
-10140	0.187007
-10080	0.048621
-10020	0.154740
-9960	0.129085
-9900	0.083023
-9840	0.138893
-9780	0.140424
-9720	0.176569
-9660	0.104194
-9600	0.204607
-9540	0.174719
-9480	0.088808
-9420	0.139694
-9360	0.134009
-9300	0.063166
-9240	0.142994
-9180	0.120230
-9120	0.130127
-9060	0.140860
-9000	0.152711
-8940	0.087435
-8880	0.059297
-8820	0.043680
-8760	0.148652
-8700	0.167199
-8640	0.204425
-8580	0.163335
-8520	0.156579
-8460	0.160025
-8400	0.066194
-8340	0.156324
-8280	0.015787
-8220	0.189002
-8160	0.073240
-8100	0.066724
-8040	0.143140
-7980	0.132564
-7920	0.102074
-7860	0.185381
-7800	0.102927
-7740	0.057371
-7680	0.132665
-7620	0.178486
-7560	0.106850
-7500	0.189488
-7440	0.151727
-7380	0.138408
-7320	0.128107
-7260	0.115961
-7200	0.091393
-7140	0.169634
-7080	0.128704
-7020	0.179499
-6960	0.120754
-6900	0.140122
-6840	0.107295
-6780	0.134884
-6720	0.086691
-6660	0.138563
-6600	0.164693
-6540	0.152117
-6480	0.126582
-6420	0.110784
-6360	0.169261
-6300	0.116091
-6240	0.149980
-6180	0.152399
-6120	0.174617
-6060	0.110411
-6000	0.183406
-5940	0.090644
-5880	0.117162
-5820	0.180861
-5760	0.129335
-5700	0.168036
-5640	0.173333
-5580	0.208488
-5520	0.124172
-5460	0.174411
-5400	0.126860
-5340	0.099623
-5280	0.150626
-5220	0.157297
-5160	0.158670
-5100	0.167061
-5040	0.120351
-4980	0.115017
-4920	0.145592
-4860	0.219544
-4800	0.091277
-4740	0.169554
-4680	0.171538
-4620	0.134871
-4560	0.155208
-4500	0.100190
-4440	0.113437
-4380	0.189881
-4320	0.133568
-4260	0.126328
-4200	0.077220
-4140	0.037515
-4080	0.110648
-4020	0.136482
-3960	0.085726
-3900	0.085159
-3840	0.133340
-3780	0.058830
-3720	0.164112
-3660	0.142099
-3600	0.127998
-3540	0.127967
-3480	0.118210
-3420	0.144438
-3360	0.076971
-3300	0.079524
-3240	0.145404
-3180	0.078855
-3120	0.108563
-3060	0.121773
-3000	0.079619
-2940	0.106222
-2880	0.110816
-2820	0.160733
-2760	0.157786
-2700	0.190215
-2640	0.115594
-2580	0.103643
-2520	0.115340
-2460	0.151971
-2400	0.147057
-2340	0.185010
-2280	0.153724
-2220	0.143449
-2160	0.149181
-2100	0.163417
-2040	0.090398
-1980	0.108299
-1920	0.145199
-1860	0.139212
-1800	0.159067
-1740	0.153470
-1680	0.112939
-1620	0.178761
-1560	0.125563
-1500	0.175724
-1440	0.146656
-1380	0.136510
-1320	0.139938
-1260	0.154842
-1200	0.148722
-1140	0.115363
-1080	0.141934
-1020	0.161467
-960	0.147196
-900	0.139214
-840	0.136887
-780	0.164728
-720	0.165234
-660	0.194418
-600	0.163492
-540	0.158960
-480	0.179494
-420	0.158753
-360	0.160607
-300	0.181299
-240	0.190921
-180	0.169444
-120	0.207614
-60	0.196091
0	0.185315
60	0.168721
120	0.153185
180	0.153994
240	0.176544
300	0.150108
360	0.166364
420	0.159761
480	0.118015
540	0.150827
600	0.135539
660	0.121255
720	0.163558
780	0.142569
840	0.130809
900	0.137329
960	0.164011
1020	0.118729
1080	0.166518
1140	0.192779
1200	0.114931
1260	0.132788
1320	0.119487
1380	0.113011
1440	0.116239
1500	0.177243
1560	0.137702
1620	0.204816
1680	0.138991
1740	0.189865
1800	0.131079
1860	0.128432
1920	0.151149
1980	0.130068
2040	0.160660
2100	0.192938
2160	0.094135
2220	0.149697
2280	0.165555
2340	0.110651
2400	0.097811
2460	0.104818
2520	0.165399
2580	0.135406
2640	0.152831
2700	0.122535
2760	0.114711
2820	0.078419
2880	0.128725
2940	0.127185
3000	0.115331
3060	0.116088
3120	0.140580
3180	0.098962
3240	0.177692
3300	0.137796
3360	0.124537
3420	0.087331
3480	0.133910
3540	0.107434
3600	0.125576
3660	0.192645
3720	0.081696
3780	0.181834
3840	0.146506
3900	0.195715
3960	0.100835
4020	0.110591
4080	0.154750
4140	0.185098
4200	0.164652
4260	0.194349
4320	0.157034
4380	0.103180
4440	0.113019
4500	0.137699
4560	0.063508
4620	0.165450
4680	0.212679
4740	0.094875
4800	0.110383
4860	0.085663
4920	0.095381
4980	0.115147
5040	0.106216
5100	0.141130
5160	0.140315
5220	0.100411
5280	0.162016
5340	0.124772
5400	0.086679
5460	0.174857
5520	0.171940
5580	0.167743
5640	0.172567
5700	0.127859
5760	0.152007
5820	0.152658
5880	0.156559
5940	0.119542
6000	0.134193
6060	0.137689
6120	0.065231
6180	0.050608
6240	0.156104
6300	0.120158
6360	0.102838
6420	0.082394
6480	0.179312
6540	0.146660
6600	0.099250
6660	0.099601
6720	0.113063
6780	0.106165
6840	0.182946
6900	0.117531
6960	0.144021
7020	0.218270
7080	0.140598
7140	0.054173
7200	0.142889
7260	0.156139
7320	0.128676
7380	0.080298
7440	0.165061
7500	0.165278
7560	0.121022
7620	0.092766
7680	0.143224
7740	0.098164
7800	0.115510
7860	0.159903
7920	0.144952
7980	0.181133
8040	0.192525
8100	0.112719
8160	0.184974
8220	0.161354
8280	0.156354
8340	0.071292
8400	0.128837
8460	0.087242
8520	0.145770
8580	0.096714
8640	0.168541
8700	0.109191
8760	0.148313
8820	0.079193
8880	0.098351
8940	0.184171
9000	0.144465
9060	0.139384
9120	0.222245
9180	0.130095
9240	0.146809
9300	0.201027
9360	0.092220
9420	0.068203
9480	0.127609
9540	0.152614
9600	0.047807
9660	0.047760
9720	0.155634
9780	0.111465
9840	0.186287
9900	0.061387
9960	0.068645
10020	0.088657
10080	0.125949
10140	0.189309
10200	0.146526
10260	0.068348
10320	0.087536
10380	0.152199
10440	0.147880
10500	0.077486
10560	0.194673
10620	0.082961
10680	0.155081
10740	0.137636
10800	0.223688
10860	0.097204
10920	0.098578
10980	0.195651
11040	0.100958
11100	0.100544
11160	0.006201
11220	0.111469
11280	0.104584
11340	0.124316
11400	0.171769
11460	0.097368
11520	0.079726
11580	0.196239
11640	0.084149
11700	0.160126
11760	0.112641
11820	0.181523
11880	0.273210
11940	0.131756
12000	0.104837
12060	0.114718
12120	0.088707
12180	0.157279
12240	0.101136
12300	0.107158
12360	0.135431
12420	0.177951
12480	0.134720
12540	0.055031
12600	0.082375
12660	0.158172
12720	0.042357
12780	0.023435
12840	0.128942
12900	0.100524
12960	0.134886
13020	0.167761
13080	0.124145
13140	0.188704
13200	0.154998
13260	0.074275
13320	0.152033
13380	0.169608
13440	0.131700
13500	0.113508
13560	0.162853
13620	0.124410
13680	0.121358
13740	0.136783
13800	0.076824
13860	0.006383
13920	0.209200
13980	0.063162
14040	0.170810
14100	0.107761
14160	0.137153
14220	0.132870
14280	0.119166
14340	0.079800
14400	0.143091
14460	0.067193
14520	0.165359
14580	0.135765
14640	0.052694
14700	0.072965
14760	0.170609
14820	0.146758
14880	0.117381
14940	0.026122
15000	0.129221
15060	0.068141
15120	0.085759
15180	0.105789
15240	0.142493
15300	0.116717
15360	0.087449
15420	0.058147
15480	0.089348
15540	0.143205
15600	0.135329
15660	0.146490
15720	0.113154
15780	0.075689
15840	0.140582
15900	0.052414
15960	0.065608
16020	0.127020
16080	0.241071
16140	0.128267
16200	0.159903
16260	0.129656
16320	0.139418
16380	0.099698
16440	0.141785
16500	0.126019
16560	0.015686
16620	0.051153
16680	0.152513
16740	0.057857
16800	0.176295
16860	0.122582
16920	0.181431
16980	0.066156
17040	0.059903
17100	0.198598
17160	0.115224
17220	0.145394
17280	0.114944
17340	0.116715
17400	0.140720
17460	0.122359
17520	0.073984
17580	0.185855
17640	0.035790
17700	0.112982
17760	0.155415
17820	0.259226
17880	0.080538
17940	0.081693
18000	0.156487
18060	0.231995
18120	0.167281
18180	0.211848
18240	0.164087
18300	0.107232
18360	0.044576
18420	0.118500
18480	0.083216
18540	0.191216
18600	0.156168
18660	0.174905
18720	0.058273
18780	0.116156
18840	0.051427
18900	0.079981
18960	0.082575
19020	0.062513
19080	0.073913
19140	0.075086
19200	0.160697
19260	0.087590
19320	0.156565
19380	0.110297
19440	0.140332
19500	0.163092
19560	0.126468
19620	0.188420
19680	0.105590
19740	0.096636
19800	0.131219
19860	0.126281
19920	0.087418
19980	0.073662
20040	0.142855
20100	0.068791
20160	0.092778
20220	0.057519
20280	0.108583
20340	0.250076
20400	0.123364
20460	0.119858
20520	0.236389
20580	0.077237
20640	0.190459
20700	0.047852
20760	0.073036
20820	0.138354
20880	0.136340
20940	0.115603
21000	0.169356
21060	0.198122
21120	0.022328
21180	0.110573
21240	0.094891
21300	0.120505
21360	0.169820
21420	0.126822
21480	0.142442
21540	0.140964
