start	mean
-21600	0.103712
-21540	0.093136
-21480	0.131810
-21420	0.133536
-21360	0.076735
-21300	0.088469
-21240	0.086462
-21180	0.133758
-21120	0.082169
-21060	0.043306
-21000	0.166357
-20940	0.159759
-20880	0.151669
-20820	0.067640
-20760	0.094597
-20700	0.136090
-20640	0.097624
-20580	0.100210
-20520	0.131935
-20460	0.128782
-20400	0.113595
-20340	0.070553
-20280	0.073404
-20220	0.176732
-20160	0.106623
-20100	0.109199
-20040	0.120801
-19980	0.070146
-19920	0.173451
-19860	0.154888
-19800	0.103073
-19740	0.143431
-19680	0.127000
-19620	0.080454
-19560	0.138487
-19500	0.153636
-19440	0.090521
-19380	0.088813
-19320	0.098273
-19260	0.104271
-19200	0.149542
-19140	0.091895
-19080	0.103231
-19020	0.131169
-18960	0.134844
-18900	0.131705
-18840	0.111658
-18780	0.096265
-18720	0.082813
-18660	0.147496
-18600	0.094189
-18540	0.154597
-18480	0.106256
-18420	0.074638
-18360	0.109337
-18300	0.116380
-18240	0.139930
-18180	0.055565
-18120	0.122339
-18060	0.113364
-18000	0.099655
-17940	0.089432
-17880	0.114831
-17820	0.107236
-17760	0.064656
-17700	0.184202
-17640	0.179892
-17580	0.100295
-17520	0.146748
-17460	0.063578
-17400	0.206654
-17340	0.061465
-17280	0.101694
-17220	0.089234
-17160	0.062471
-17100	0.154926
-17040	0.100091
-16980	0.180607
-16920	0.094266
-16860	0.109782
-16800	0.120210
-16740	0.128081
-16680	0.055129
-16620	0.182508
-16560	0.081776
-16500	0.113195
-16440	0.116816
-16380	0.075530
-16320	0.107625
-16260	0.071102
-16200	0.121920
-16140	0.105057
-16080	0.063243
-16020	0.110171
-15960	0.116520
-15900	0.112588
-15840	0.104426
-15780	0.085112
-15720	0.130263
-15660	0.164142
-15600	0.143492
-15540	0.123631
-15480	0.130186
-15420	0.052851
-15360	0.136487
-15300	0.116731
-15240	0.126838
-15180	0.123355
-15120	0.122640
-15060	0.135675
-15000	0.041356
-14940	0.108294
-14880	0.102269
-14820	0.107722
-14760	0.120425
-14700	0.164238
-14640	0.091849
-14580	0.161486
-14520	0.071306
-14460	0.105117
-14400	0.105329
-14340	0.132248
-14280	0.061845
-14220	0.121014
-14160	0.126710
-14100	0.077065
-14040	0.071829
-13980	0.125917
-13920	0.069984
-13860	0.074537
-13800	0.092810
-13740	0.102201
-13680	0.074669
-13620	0.091913
-13560	0.097126
-13500	0.121856
-13440	0.084740
-13380	0.124807
-13320	0.073615
-13260	0.076310
-13200	0.091875
-13140	0.132477
-13080	0.107309
-13020	0.075290
-12960	0.095062
-12900	0.180405
-12840	0.045960
-12780	0.100781
-12720	0.142268
-12660	0.130551
-12600	0.153718
-12540	0.132625
-12480	0.159850
-12420	0.132854
-12360	0.090298
-12300	0.143517
-12240	0.102913
-12180	0.096518
-12120	0.096380
-12060	0.077631
-12000	0.112530
-11940	0.136125
-11880	0.110499
-11820	0.123440
-11760	0.137937
-11700	0.114690
-11640	0.160324
-11580	0.093667
-11520	0.150560
-11460	0.062143
-11400	0.122334
-11340	0.162229
-11280	0.091118
-11220	0.122640
-11160	0.113217
-11100	0.127009
-11040	0.128426
-10980	0.134933
-10920	0.135024
-10860	0.088459
-10800	0.176023
-10740	0.148012
-10680	0.137051
-10620	0.166389
-10560	0.104990
-10500	0.094545
-10440	0.193111
-10380	0.094416
-10320	0.109382
-10260	0.067492
-10200	0.181721
-10140	0.095795
-10080	0.140275
-10020	0.124469
-9960	0.128754
-9900	0.126148
-9840	0.174096
-9780	0.151294
-9720	0.095296
-9660	0.083934
-9600	0.132663
-9540	0.107896
-9480	0.127118
-9420	0.083174
-9360	0.127280
-9300	0.141049
-9240	0.131463
-9180	0.108024
-9120	0.132222
-9060	0.114050
-9000	0.099714
-8940	0.085375
-8880	0.123100
-8820	0.148134
-8760	0.122888
-8700	0.106663
-8640	0.151690
-8580	0.120636
-8520	0.082867
-8460	0.168298
-8400	0.083206
-8340	0.100664
-8280	0.093935
-8220	0.079821
-8160	0.143742
-8100	0.128345
-8040	0.098203
-7980	0.103508
-7920	0.142043
-7860	0.150747
-7800	0.105617
-7740	0.088861
-7680	0.052691
-7620	0.077439
-7560	0.102823
-7500	0.128543
-7440	0.065008
-7380	0.094264
-7320	0.093969
-7260	0.103350
-7200	0.119891
-7140	0.138450
-7080	0.109845
-7020	0.096326
-6960	0.114613
-6900	0.100334
-6840	0.077902
-6780	0.143005
-6720	0.146850
-6660	0.114453
-6600	0.087992
-6540	0.064911
-6480	0.142138
-6420	0.132736
-6360	0.075176
-6300	0.137892
-6240	0.076702
-6180	0.120823
-6120	0.129115
-6060	0.112604
-6000	0.108770
-5940	0.111089
-5880	0.089761
-5820	0.089260
-5760	0.123999
-5700	0.104462
-5640	0.101500
-5580	0.154826
-5520	0.120360
-5460	0.067156
-5400	0.151976
-5340	0.105290
-5280	0.131002
-5220	0.090040
-5160	0.119999
-5100	0.125320
-5040	0.061586
-4980	0.079358
-4920	0.098027
-4860	0.124849
-4800	0.084164
-4740	0.091191
-4680	0.089125
-4620	0.103865
-4560	0.103032
-4500	0.094842
-4440	0.103770
-4380	0.086236
-4320	0.137922
-4260	0.101279
-4200	0.090168
-4140	0.118584
-4080	0.110168
-4020	0.087644
-3960	0.103082
-3900	0.122602
-3840	0.097808
-3780	0.087174
-3720	0.069808
-3660	0.115635
-3600	0.112187
-3540	0.105424
-3480	0.114320
-3420	0.118613
-3360	0.124122
-3300	0.143198
-3240	0.077768
-3180	0.077932
-3120	0.083932
-3060	0.081123
-3000	0.104428
-2940	0.110341
-2880	0.115149
-2820	0.131177
-2760	0.127584
-2700	0.077534
-2640	0.117206
-2580	0.088802
-2520	0.108882
-2460	0.056266
-2400	0.110473
-2340	0.061198
-2280	0.122795
-2220	0.124586
-2160	0.071385
-2100	0.089557
-2040	0.092825
-1980	0.097725
-1920	0.088439
-1860	0.088383
-1800	0.101407
-1740	0.100608
-1680	0.099320
-1620	0.103510
-1560	0.101181
-1500	0.082463
-1440	0.118950
-1380	0.088579
-1320	0.073364
-1260	0.089987
-1200	0.095073
-1140	0.104080
-1080	0.094320
-1020	0.106164
-960	0.071850
-900	0.083389
-840	0.092886
-780	0.094700
-720	0.090662
-660	0.083125
-600	0.093820
-540	0.064250
-480	0.078915
-420	0.088953
-360	0.060867
-300	0.078508
-240	0.078560
-180	0.078784
-120	0.095665
-60	0.065819
0	0.089279
60	0.094306
120	0.120125
180	0.105936
240	0.077668
300	0.113822
360	0.112570
420	0.128468
480	0.111877
540	0.113014
600	0.103240
660	0.129606
720	0.097450
780	0.114568
840	0.126710
900	0.092052
960	0.122965
1020	0.107099
1080	0.121011
1140	0.109428
1200	0.096093
1260	0.124246
1320	0.141738
1380	0.123740
1440	0.111222
1500	0.124474
1560	0.089017
1620	0.103388
1680	0.116549
1740	0.137298
1800	0.134846
1860	0.115826
1920	0.118818
1980	0.114986
2040	0.071878
2100	0.105861
2160	0.102671
2220	0.081000
2280	0.118528
2340	0.090734
2400	0.079012
2460	0.145667
2520	0.107491
2580	0.116732
2640	0.098533
2700	0.120837
2760	0.112243
2820	0.106334
2880	0.124752
2940	0.116772
3000	0.116273
3060	0.127047
3120	0.117739
3180	0.101725
3240	0.113841
3300	0.112367
3360	0.112573
3420	0.089654
3480	0.107979
3540	0.115026
3600	0.089355
3660	0.095873
3720	0.052721
3780	0.106274
3840	0.121867
3900	0.099300
3960	0.128685
4020	0.106162
4080	0.087271
4140	0.082105
4200	0.116331
4260	0.086729
4320	0.121433
4380	0.077475
4440	0.129090
4500	0.112031
4560	0.100472
4620	0.075682
4680	0.114314
4740	0.097904
4800	0.066470
4860	0.099526
4920	0.109001
4980	0.120375
5040	0.087072
5100	0.142190
5160	0.131560
5220	0.083992
5280	0.083005
5340	0.126134
5400	0.138570
5460	0.144303
5520	0.151322
5580	0.128372
5640	0.131839
5700	0.126458
5760	0.127391
5820	0.132059
5880	0.119481
5940	0.148962
6000	0.114424
6060	0.137064
6120	0.130653
6180	0.106602
6240	0.098290
6300	0.087652
6360	0.069963
6420	0.105669
6480	0.104762
6540	0.127351
6600	0.137769
6660	0.123863
6720	0.128220
6780	0.084278
6840	0.091771
6900	0.142853
6960	0.084623
7020	0.046401
7080	0.089599
7140	0.104955
7200	0.082750
7260	0.103927
7320	0.146988
7380	0.131530
7440	0.132109
7500	0.078409
7560	0.139192
7620	0.062110
7680	0.139443
7740	0.064490
7800	0.144104
7860	0.094362
7920	0.098392
7980	0.081815
8040	0.125581
8100	0.134418
8160	0.098587
8220	0.178549
8280	0.081208
8340	0.134301
8400	0.131820
8460	0.095863
8520	0.107133
8580	0.085440
8640	0.089658
8700	0.156078
8760	0.116663
8820	0.093491
8880	0.088153
8940	0.119806
9000	0.110456
9060	0.150055
9120	0.130619
9180	0.099973
9240	0.088075
9300	0.151913
9360	0.006099
9420	0.049441
9480	0.128128
9540	0.103237
9600	0.062438
9660	0.136920
9720	0.195999
9780	0.070651
9840	0.101339
9900	0.143667
9960	0.155603
10020	0.142626
10080	0.209521
10140	0.124908
10200	0.162146
10260	0.131433
10320	0.091624
10380	0.141722
10440	0.110559
10500	0.085528
10560	0.088321
10620	0.074329
10680	0.131060
10740	0.109227
10800	0.131046
10860	0.123962
10920	0.148619
10980	0.081030
11040	0.118089
11100	0.125688
11160	0.051926
11220	0.125196
11280	0.056162
11340	0.109940
11400	0.067686
11460	0.023433
11520	0.120890
11580	0.107459
11640	0.146776
11700	0.146166
11760	0.126111
11820	0.147496
11880	0.062710
11940	0.110904
12000	0.101254
12060	0.093567
12120	0.118530
12180	0.188502
12240	0.075313
12300	0.110544
12360	0.016953
12420	0.116558
12480	0.069583
12540	0.127405
12600	0.016451
12660	0.102897
12720	0.148299
12780	0.101345
12840	0.127918
12900	0.178767
12960	0.127333
13020	0.039884
13080	0.151220
13140	0.109645
13200	0.072800
13260	0.038238
13320	0.141810
13380	0.156307
13440	0.099453
13500	0.124969
13560	0.148502
13620	0.046884
13680	0.052937
13740	0.142074
13800	0.142592
13860	0.081480
13920	0.069576
13980	0.084191
14040	0.179114
14100	0.132833
14160	0.118307
14220	0.114523
14280	0.094070
14340	0.159282
14400	0.042495
14460	0.123375
14520	0.113668
14580	0.199733
14640	0.083477
14700	0.094818
14760	0.158766
14820	0.117328
14880	0.140020
14940	0.223712
15000	0.099555
15060	0.119963
15120	0.190016
15180	0.064401
15240	0.112116
15300	0.047781
15360	0.082579
15420	0.134275
15480	0.191906
15540	0.155460
15600	0.091846
15660	0.183898
15720	0.118687
15780	0.101294
15840	0.140182
15900	0.158585
15960	0.106887
16020	0.072271
16080	0.100803
16140	0.084954
16200	0.123492
16260	0.095648
16320	0.063217
16380	0.122202
16440	0.068654
16500	0.093402
16560	0.136383
16620	0.098479
16680	0.124252
16740	0.101284
16800	0.134333
16860	0.078886
16920	0.172070
16980	0.111528
17040	0.118813
17100	0.148339
17160	0.162832
17220	0.043265
17280	0.106707
17340	0.073691
17400	0.156204
17460	0.132560
17520	0.161752
17580	0.156547
17640	0.043050
17700	0.148598
17760	0.216454
17820	0.091486
17880	0.071355
17940	0.173702
18000	0.132441
18060	0.148844
18120	0.119443
18180	0.184776
18240	0.137478
18300	0.165130
18360	0.146676
18420	0.147720
18480	0.076147
18540	0.135749
18600	0.078026
18660	0.101400
18720	0.116757
18780	0.081973
18840	0.088726
18900	0.014633
18960	0.222766
19020	0.097833
19080	0.101742
19140	0.138438
19200	0.133689
19260	0.068987
19320	0.105895
19380	0.045122
19440	0.148637
19500	0.171799
19560	0.138748
19620	0.109271
19680	0.129563
19740	0.157569
19800	0.032651
19860	0.181918
19920	0.085635
19980	0.114524
20040	0.142707
20100	0.057539
20160	0.023716
20220	0.076861
20280	0.120784
20340	0.154127
20400	0.117249
20460	0.121978
20520	0.027845
20580	0.088871
20640	0.120585
20700	0.077052
20760	0.184994
20820	0.139535
20880	0.169067
20940	0.087356
21000	0.115005
21060	0.054244
21120	0.096842
21180	0.067854
21240	0.090611
21300	0.167300
21360	0.073902
21420	0.095614
21480	0.210982
21540	0.097572
