start	mean
-21600	0.171838
-21540	0.068415
-21480	0.183216
-21420	0.162214
-21360	0.095768
-21300	0.110442
-21240	0.233231
-21180	0.058556
-21120	0.206590
-21060	0.287945
-21000	-0.038667
-20940	0.192631
-20880	0.068283
-20820	0.283706
-20760	0.114844
-20700	0.084491
-20640	0.262269
-20580	0.099673
-20520	0.295691
-20460	0.283664
-20400	0.017461
-20340	0.096052
-20280	0.151168
-20220	0.324557
-20160	0.289287
-20100	-0.039071
-20040	-0.080907
-19980	0.213843
-19920	0.053304
-19860	0.130958
-19800	0.172444
-19740	0.000438
-19680	0.237256
-19620	0.260487
-19560	0.052721
-19500	0.286543
-19440	0.046967
-19380	0.104558
-19320	0.067126
-19260	0.214807
-19200	0.076895
-19140	0.097853
-19080	-0.040377
-19020	0.030082
-18960	0.026139
-18900	0.356960
-18840	0.178893
-18780	0.094559
-18720	0.001080
-18660	0.166293
-18600	0.082045
-18540	-0.169574
-18480	0.111662
-18420	-0.030324
-18360	0.145689
-18300	0.187572
-18240	0.256736
-18180	0.123044
-18120	0.140238
-18060	0.327771
-18000	0.157369
-17940	-0.047307
-17880	0.200981
-17820	0.099150
-17760	0.182261
-17700	0.193461
-17640	0.174634
-17580	0.080780
-17520	-0.052489
-17460	0.103595
-17400	-0.033529
-17340	0.191739
-17280	0.034707
-17220	0.133963
-17160	0.001363
-17100	0.119853
-17040	0.013244
-16980	0.047042
-16920	0.044765
-16860	0.210489
-16800	0.172076
-16740	0.145542
-16680	0.239929
-16620	0.152050
-16560	0.075232
-16500	-0.172833
-16440	0.249459
-16380	0.042707
-16320	0.135677
-16260	0.204690
-16200	0.089975
-16140	0.049847
-16080	0.253279
-16020	0.226495
-15960	0.061269
-15900	0.079073
-15840	0.189750
-15780	0.172940
-15720	0.286920
-15660	0.184995
-15600	0.034352
-15540	0.201989
-15480	0.192562
-15420	0.167993
-15360	-0.118631
-15300	0.311740
-15240	-0.014516
-15180	0.126648
-15120	0.118864
-15060	-0.078370
-15000	0.148100
-14940	0.257677
-14880	0.205239
-14820	0.160722
-14760	0.153254
-14700	0.125688
-14640	0.077800
-14580	0.171037
-14520	0.092050
-14460	0.079980
-14400	0.037739
-14340	0.231000
-14280	0.052373
-14220	0.174239
-14160	-0.064339
-14100	0.275445
-14040	0.000948
-13980	0.040957
-13920	0.089605
-13860	-0.009318
-13800	0.032838
-13740	0.014673
-13680	0.115565
-13620	0.133746
-13560	0.196605
-13500	0.316711
-13440	0.225856
-13380	0.006513
-13320	0.202111
-13260	0.106856
-13200	-0.001940
-13140	-0.015343
-13080	0.163000
-13020	0.031148
-12960	0.080753
-12900	0.047765
-12840	0.106271
-12780	0.276441
-12720	0.116980
-12660	0.228709
-12600	0.142352
-12540	0.082978
-12480	-0.014223
-12420	0.090507
-12360	0.120344
-12300	0.020741
-12240	0.109196
-12180	0.230450
-12120	0.057437
-12060	0.310958
-12000	0.004653
-11940	0.144612
-11880	0.212092
-11820	0.017768
-11760	0.078017
-11700	0.093500
-11640	0.043918
-11580	0.250155
-11520	0.165107
-11460	0.118633
-11400	-0.100569
-11340	0.100279
-11280	0.031084
-11220	0.047900
-11160	0.194961
-11100	0.165589
-11040	-0.039211
-10980	0.030146
-10920	0.232429
-10860	0.195160
-10800	0.133767
-10740	0.169103
-10680	0.018617
-10620	0.067304
-10560	0.170894
-10500	0.154652
-10440	0.138282
-10380	0.212768
-10320	0.427462
-10260	0.123770
-10200	0.092223
-10140	0.285779
-10080	0.220943
-10020	0.121373
-9960	0.140707
-9900	0.028379
-9840	0.077643
-9780	0.231155
-9720	-0.029036
-9660	0.090724
-9600	0.159680
-9540	0.141920
-9480	-0.071615
-9420	0.135785
-9360	0.217846
-9300	0.195029
-9240	0.085096
-9180	0.073561
-9120	0.210776
-9060	0.333420
-9000	0.230058
-8940	0.030313
-8880	0.082748
-8820	0.020874
-8760	0.033975
-8700	0.199590
-8640	0.079814
-8580	0.131700
-8520	0.146509
-8460	0.257656
-8400	-0.044460
-8340	0.201396
-8280	0.314614
-8220	0.097671
-8160	0.177030
-8100	0.021181
-8040	0.054400
-7980	0.155690
-7920	0.078808
-7860	0.322884
-7800	0.098336
-7740	0.168845
-7680	0.030167
-7620	0.244262
-7560	0.154932
-7500	0.233506
-7440	0.153022
-7380	0.171378
-7320	0.136664
-7260	0.086045
-7200	0.004506
-7140	0.112254
-7080	0.096022
-7020	0.112363
-6960	0.152352
-6900	0.226983
-6840	0.028658
-6780	0.157272
-6720	0.018069
-6660	0.074231
-6600	0.062800
-6540	0.055809
-6480	0.194265
-6420	0.033292
-6360	0.128262
-6300	0.149583
-6240	0.026915
-6180	0.095410
-6120	0.233203
-6060	0.083642
-6000	0.166359
-5940	0.139642
-5880	0.139321
-5820	0.211842
-5760	0.033189
-5700	-0.029239
-5640	0.059984
-5580	0.033589
-5520	0.045524
-5460	0.063891
-5400	0.070581
-5340	-0.023985
-5280	0.161115
-5220	0.064307
-5160	-0.014925
-5100	0.058253
-5040	0.187972
-4980	0.062403
-4920	0.188837
-4860	0.100533
-4800	0.125298
-4740	0.056221
-4680	0.146855
-4620	0.192648
-4560	0.226463
-4500	0.087744
-4440	0.126257
-4380	0.035474
-4320	0.280450
-4260	0.096513
-4200	0.172744
-4140	0.070555
-4080	0.098016
-4020	0.143962
-3960	0.144085
-3900	0.078117
-3840	0.177058
-3780	0.185237
-3720	0.183250
-3660	0.143338
-3600	0.183270
-3540	0.018003
-3480	0.114681
-3420	0.180895
-3360	0.134723
-3300	0.180037
-3240	0.176900
-3180	0.157939
-3120	0.148757
-3060	0.090154
-3000	0.110235
-2940	0.085144
-2880	-0.055943
-2820	0.248412
-2760	0.016067
-2700	0.111651
-2640	0.111836
-2580	0.089446
-2520	0.111747
-2460	0.160386
-2400	0.111618
-2340	0.064314
-2280	0.138771
-2220	0.262349
-2160	0.174467
-2100	0.072330
-2040	0.055756
-1980	0.161320
-1920	0.098545
-1860	0.172336
-1800	0.174163
-1740	-0.021860
-1680	0.117194
-1620	0.039254
-1560	0.068615
-1500	0.159284
-1440	0.171957
-1380	0.146164
-1320	0.144970
-1260	0.094994
-1200	0.075441
-1140	0.120251
-1080	0.101921
-1020	0.146753
-960	0.187249
-900	0.056341
-840	0.127145
-780	0.128756
-720	0.103768
-660	0.151174
-600	0.095839
-540	0.130971
-480	0.120385
-420	0.154552
-360	0.158408
-300	0.158549
-240	0.166327
-180	0.213293
-120	0.211070
-60	0.192335
0	0.203980
60	0.154731
120	0.169279
180	0.271896
240	0.150691
300	0.170273
360	0.146848
420	0.138976
480	0.125981
540	0.122235
600	0.097581
660	0.233494
720	0.171564
780	0.120268
840	0.134716
900	0.066752
960	0.179109
1020	0.140723
1080	0.061735
1140	0.156563
1200	0.148676
1260	0.217807
1320	0.229791
1380	0.147738
1440	0.051471
1500	0.151128
1560	0.173756
1620	0.161192
1680	0.263029
1740	0.073631
1800	0.216439
1860	0.109411
1920	0.189544
1980	0.052196
2040	0.163807
2100	0.202044
2160	0.133466
2220	0.066950
2280	0.071740
2340	0.092304
2400	0.120684
2460	0.081195
2520	0.127906
2580	0.003203
2640	0.209253
2700	0.020751
2760	0.156800
2820	0.060079
2880	0.111050
2940	0.054908
3000	0.069638
3060	0.138841
3120	0.071266
3180	0.114919
3240	0.131435
3300	0.123854
3360	0.058677
3420	0.128700
3480	0.011148
3540	0.147800
3600	0.153289
3660	0.190030
3720	0.161663
3780	0.187845
3840	0.051096
3900	0.111475
3960	0.133800
4020	0.173675
4080	0.122197
4140	0.121054
4200	0.034985
4260	0.083959
4320	0.089196
4380	0.112758
4440	0.069665
4500	0.251522
4560	0.116400
4620	0.045590
4680	0.240580
4740	0.087041
4800	-0.017411
4860	0.111875
4920	0.243752
4980	0.064296
5040	0.115688
5100	0.251238
5160	0.151835
5220	0.253394
5280	0.161752
5340	0.045071
5400	0.137263
5460	0.179637
5520	0.214813
5580	0.070941
5640	0.156314
5700	0.154950
5760	0.157223
5820	0.178111
5880	-0.045236
5940	0.019600
6000	0.238774
6060	0.162430
6120	0.164787
6180	0.178400
6240	0.202486
6300	0.209006
6360	0.295106
6420	0.039585
6480	0.118676
6540	-0.000790
6600	0.046008
6660	0.028982
6720	0.162934
6780	0.095574
6840	0.205417
6900	-0.080757
6960	0.054483
7020	0.283771
7080	0.118100
7140	0.002267
7200	0.137959
7260	-0.020870
7320	0.083800
7380	0.052844
7440	0.110205
7500	0.094796
7560	0.060733
7620	0.099450
7680	0.091096
7740	-0.059546
7800	0.249229
7860	0.144654
7920	0.161650
7980	0.084726
8040	0.080053
8100	0.040529
8160	0.193864
8220	-0.008188
8280	0.025079
8340	0.171482
8400	0.019806
8460	0.056000
8520	0.252935
8580	0.307274
8640	0.214788
8700	-0.049607
8760	0.291550
8820	0.062262
8880	0.251608
8940	0.313943
9000	0.000781
9060	-0.043600
9120	0.264152
9180	0.048263
9240	0.146650
9300	0.097091
9360	-0.052295
9420	0.118775
9480	0.184352
9540	0.126287
9600	0.191279
9660	0.277293
9720	0.018171
9780	0.094435
9840	0.213227
9900	0.089217
9960	0.058641
10020	0.167935
10080	0.062371
10140	0.192146
10200	-0.025178
10260	0.054857
10320	0.129488
10380	0.022206
10440	0.095080
10500	0.171120
10560	0.035580
10620	-0.019514
10680	0.193779
10740	0.060335
10800	0.017133
10860	-0.039814
10920	0.252759
10980	0.172960
11040	0.089638
11100	0.083557
11160	0.231162
11220	0.000956
11280	0.127362
11340	0.174864
11400	0.037005
11460	0.141982
11520	0.050824
11580	0.043447
11640	0.000583
11700	0.193843
11760	0.199922
11820	-0.016904
11880	0.226492
11940	-0.117845
12000	0.219020
12060	0.114553
12120	0.094688
12180	0.139958
12240	0.101753
12300	0.037393
12360	0.098024
12420	-0.152820
12480	0.038812
12540	0.191315
12600	-0.023126
12660	0.123155
12720	0.261411
12780	0.139050
12840	0.109724
12900	0.191333
12960	0.182168
13020	0.161169
13080	0.057680
13140	0.023609
13200	0.112328
13260	0.170005
13320	-0.074717
13380	0.168323
13440	0.065308
13500	0.140558
13560	0.147637
13620	0.121484
13680	0.099080
13740	0.159013
13800	-0.054213
13860	0.069144
13920	-0.003840
13980	0.070540
14040	0.129875
14100	0.035508
14160	0.200736
14220	-0.061971
14280	0.143500
14340	0.039415
14400	-0.040794
14460	0.081033
14520	-0.065993
14580	-0.063991
14640	0.048700
14700	0.089375
14760	0.216171
14820	0.090544
14880	0.224979
14940	0.241364
15000	0.141158
15060	-0.050906
15120	0.270343
15180	0.056189
15240	0.167636
15300	0.063807
15360	0.103040
15420	0.146610
15480	0.058706
15540	0.048171
15600	0.099347
15660	-0.001958
15720	0.098941
15780	0.059455
15840	0.020040
15900	0.144517
15960	0.046200
16020	-0.080920
16080	0.296244
16140	-0.080200
16200	0.137792
16260	-0.067343
16320	0.045075
16380	0.174912
16440	0.171400
16500	0.212775
16560	0.104733
16620	0.097962
16680	0.112650
16740	0.152767
16800	0.507378
16860	0.258800
16920	0.132340
16980	0.116633
17040	0.267455
17100	0.115336
17160	0.152715
17220	0.247025
17280	0.171800
17340	-0.113650
17400	0.310170
17460	0.134747
17520	0.014479
17580	0.063536
17640	0.112912
17700	0.340722
17760	0.129809
17820	0.308160
17880	-0.149600
17940	0.214807
18000	0.017600
18060	0.107340
18120	0.108422
18180	0.281189
18240	0.171914
18300	0.092886
18360	0.105642
18420	0.216960
18480	0.043333
18540	0.031020
18600	0.066071
18660	0.031260
18720	0.083446
18780	-0.110562
18840	-0.064167
18900	0.220387
18960	-0.007564
19020	0.132271
19080	0.080575
19140	0.262564
19200	0.029762
19260	0.026400
19320	0.194600
19380	-0.004627
19440	-0.231492
19500	0.288515
19560	0.097282
19620	0.028565
19680	0.138210
19740	0.274214
19800	-0.010617
19860	0.012622
19920	0.197256
19980	0.097627
20040	0.090925
20100	0.031064
20160	0.149529
20220	0.146100
20280	0.156013
20340	0.178150
20400	-0.156154
20460	-0.011833
20520	0.020558
20580	0.042643
20640	0.101733
20700	0.221220
20760	0.182270
20820	0.041067
20880	0.042657
20940	0.130582
21000	0.031444
21060	-0.025433
21120	0.145089
21180	-0.012087
21240	0.195100
21300	0.132050
21360	0.203912
21420	0.213475
21480	0.292927
21540	0.157062
