start	mean
-21600	0.152084
-21540	0.150572
-21480	0.137694
-21420	0.103282
-21360	0.185995
-21300	0.127351
-21240	0.081968
-21180	0.091576
-21120	0.128981
-21060	0.177607
-21000	0.072239
-20940	0.111331
-20880	0.083740
-20820	0.042281
-20760	0.119136
-20700	0.114888
-20640	0.023656
-20580	0.117505
-20520	0.120115
-20460	0.171667
-20400	0.147100
-20340	0.054774
-20280	0.069516
-20220	0.118201
-20160	0.047485
-20100	0.253441
-20040	0.176501
-19980	0.068127
-19920	0.095936
-19860	0.134806
-19800	0.161850
-19740	0.099813
-19680	0.132669
-19620	0.087764
-19560	0.108417
-19500	0.105710
-19440	0.120460
-19380	0.156995
-19320	0.140909
-19260	0.124312
-19200	0.135478
-19140	0.152863
-19080	0.022368
-19020	0.108160
-18960	0.055301
-18900	0.208696
-18840	0.074610
-18780	0.088781
-18720	0.083324
-18660	0.164071
-18600	0.114117
-18540	0.054709
-18480	0.149473
-18420	0.172248
-18360	0.169582
-18300	0.112212
-18240	0.070373
-18180	0.071751
-18120	0.186677
-18060	0.085558
-18000	0.115570
-17940	0.116909
-17880	0.114930
-17820	0.116707
-17760	0.048180
-17700	0.124310
-17640	0.162200
-17580	0.087618
-17520	0.168763
-17460	0.103441
-17400	0.054251
-17340	0.102474
-17280	0.110433
-17220	0.093277
-17160	0.101004
-17100	0.109772
-17040	0.172548
-16980	0.107281
-16920	0.095010
-16860	0.088988
-16800	0.028065
-16740	0.123739
-16680	0.119192
-16620	0.061995
-16560	0.167943
-16500	0.077780
-16440	0.182253
-16380	0.109447
-16320	0.044420
-16260	0.081324
-16200	0.118113
-16140	0.123602
-16080	0.121179
-16020	0.103111
-15960	0.036181
-15900	0.171989
-15840	0.101221
-15780	0.110724
-15720	0.082435
-15660	0.092258
-15600	0.079628
-15540	0.071094
-15480	0.135854
-15420	0.093934
-15360	0.103265
-15300	0.060415
-15240	0.104805
-15180	0.073887
-15120	0.045640
-15060	0.154622
-15000	0.071918
-14940	0.123209
-14880	0.118837
-14820	0.110018
-14760	0.142503
-14700	0.141493
-14640	0.114808
-14580	0.096773
-14520	0.097424
-14460	0.097637
-14400	0.074606
-14340	0.187554
-14280	0.135825
-14220	0.121990
-14160	0.110030
-14100	0.089178
-14040	0.141862
-13980	0.109124
-13920	0.098327
-13860	0.147589
-13800	0.116908
-13740	0.123029
-13680	0.133217
-13620	0.099958
-13560	0.077608
-13500	0.168336
-13440	0.137462
-13380	0.131090
-13320	0.162020
-13260	0.118782
-13200	0.124361
-13140	0.115019
-13080	0.091606
-13020	0.094322
-12960	0.107525
-12900	0.118208
-12840	0.089161
-12780	0.100295
-12720	0.060626
-12660	0.047209
-12600	0.074808
-12540	0.084118
-12480	0.113410
-12420	0.125193
-12360	0.116779
-12300	0.088138
-12240	0.148670
-12180	0.056752
-12120	0.071059
-12060	0.073077
-12000	0.069469
-11940	0.134960
-11880	0.086054
-11820	0.151974
-11760	0.090002
-11700	0.020570
-11640	0.184117
-11580	0.109248
-11520	0.089912
-11460	0.138935
-11400	0.068897
-11340	0.144711
-11280	0.125917
-11220	0.112798
-11160	0.091087
-11100	0.135301
-11040	0.145695
-10980	0.172949
-10920	0.121912
-10860	0.131548
-10800	0.127871
-10740	0.110791
-10680	0.076206
-10620	0.087084
-10560	0.145055
-10500	0.070500
-10440	0.145628
-10380	0.093841
-10320	0.100517
-10260	0.147940
-10200	0.164003
-10140	0.105578
-10080	0.132185
-10020	0.139835
-9960	0.119319
-9900	0.114778
-9840	0.130582
-9780	0.082423
-9720	0.126094
-9660	0.053016
-9600	0.047804
-9540	0.114269
-9480	0.110879
-9420	0.106872
-9360	0.103887
-9300	0.142894
-9240	0.089874
-9180	0.107876
-9120	0.082032
-9060	0.085439
-9000	0.053118
-8940	0.089770
-8880	0.089456
-8820	0.005521
-8760	0.113741
-8700	0.165200
-8640	0.170729
-8580	0.068365
-8520	0.108354
-8460	0.114587
-8400	0.054935
-8340	0.086661
-8280	0.135091
-8220	0.116767
-8160	0.164468
-8100	0.167862
-8040	0.107397
-7980	0.169648
-7920	0.102545
-7860	0.094022
-7800	0.172874
-7740	0.137698
-7680	0.072775
-7620	0.129537
-7560	0.145574
-7500	0.069177
-7440	0.094840
-7380	0.121744
-7320	0.096857
-7260	0.092185
-7200	0.052235
-7140	0.080614
-7080	0.129967
-7020	0.074753
-6960	0.086203
-6900	0.053217
-6840	0.040863
-6780	0.093658
-6720	0.133851
-6660	0.122388
-6600	0.109051
-6540	0.121256
-6480	0.070701
-6420	0.160280
-6360	0.140007
-6300	0.084220
-6240	0.125801
-6180	0.126951
-6120	0.065124
-6060	0.118389
-6000	0.143471
-5940	0.089966
-5880	0.089971
-5820	0.041518
-5760	0.060671
-5700	0.072077
-5640	0.145689
-5580	0.100891
-5520	0.062188
-5460	0.079748
-5400	0.154653
-5340	0.041519
-5280	0.115240
-5220	0.102629
-5160	0.077727
-5100	0.171080
-5040	0.106311
-4980	0.048734
-4920	0.155715
-4860	0.143698
-4800	0.085131
-4740	0.190152
-4680	0.043861
-4620	0.127595
-4560	0.084793
-4500	0.102642
-4440	0.145086
-4380	0.102617
-4320	0.105747
-4260	0.136293
-4200	0.093137
-4140	0.113315
-4080	0.111388
-4020	0.080857
-3960	0.068940
-3900	0.104758
-3840	0.143662
-3780	0.109197
-3720	0.073303
-3660	0.165819
-3600	0.082009
-3540	0.065477
-3480	0.164657
-3420	0.137698
-3360	0.136435
-3300	0.090770
-3240	0.128475
-3180	0.043191
-3120	0.114999
-3060	0.095069
-3000	0.089971
-2940	0.045969
-2880	0.086975
-2820	0.077194
-2760	0.106937
-2700	0.138564
-2640	0.098676
-2580	0.078090
-2520	0.047069
-2460	0.117726
-2400	0.138916
-2340	0.120357
-2280	0.134122
-2220	0.050237
-2160	0.103595
-2100	0.075606
-2040	0.123818
-1980	0.062098
-1920	0.132499
-1860	0.084295
-1800	0.107020
-1740	0.115508
-1680	0.134011
-1620	0.086483
-1560	0.096163
-1500	0.102838
-1440	0.060733
-1380	0.108448
-1320	0.116557
-1260	0.070631
-1200	0.117536
-1140	0.084059
-1080	0.107239
-1020	0.064127
-960	0.061363
-900	0.112742
-840	0.109934
-780	0.114809
-720	0.094273
-660	0.084130
-600	0.081354
-540	0.078788
-480	0.076305
-420	0.059060
-360	0.065224
-300	0.086663
-240	0.088438
-180	0.092861
-120	0.069306
-60	0.072718
0	0.071055
60	0.111626
120	0.095853
180	0.097902
240	0.099713
300	0.095176
360	0.083861
420	0.089842
480	0.094529
540	0.100222
600	0.128489
660	0.092845
720	0.125375
780	0.090331
840	0.107237
900	0.105798
960	0.089023
1020	0.095945
1080	0.130044
1140	0.143734
1200	0.078714
1260	0.153699
1320	0.123120
1380	0.111949
1440	0.125435
1500	0.074778
1560	0.125466
1620	0.112126
1680	0.090602
1740	0.095029
1800	0.106099
1860	0.118569
1920	0.092299
1980	0.112562
2040	0.115332
2100	0.118244
2160	0.115463
2220	0.074579
2280	0.091836
2340	0.137552
2400	0.132172
2460	0.105995
2520	0.107442
2580	0.123994
2640	0.097486
2700	0.135274
2760	0.169792
2820	0.095953
2880	0.135654
2940	0.135701
3000	0.136988
3060	0.100777
3120	0.141012
3180	0.107479
3240	0.114963
3300	0.158830
3360	0.084508
3420	0.123787
3480	0.117662
3540	0.104747
3600	0.091314
3660	0.113727
3720	0.097512
3780	0.076234
3840	0.147208
3900	0.043710
3960	0.156644
4020	0.126238
4080	0.093331
4140	0.086043
4200	0.148285
4260	0.077657
4320	0.101211
4380	0.125775
4440	0.045126
4500	0.136618
4560	0.112553
4620	0.122464
4680	0.163499
4740	0.101281
4800	0.068805
4860	0.070808
4920	0.062974
4980	0.107853
5040	0.141368
5100	0.104078
5160	0.127902
5220	0.077652
5280	0.082283
5340	0.098346
5400	0.105366
5460	0.068397
5520	0.136852
5580	0.155722
5640	0.091322
5700	0.075091
5760	0.084060
5820	0.101077
5880	0.092570
5940	0.117363
6000	0.090416
6060	0.156552
6120	0.140820
6180	0.116734
6240	0.112042
6300	0.164788
6360	0.134253
6420	0.116334
6480	0.105410
6540	0.135344
6600	0.116744
6660	0.170630
6720	0.095032
6780	0.132957
6840	0.140025
6900	0.155287
6960	0.119478
7020	0.143195
7080	0.103153
7140	0.152455
7200	0.145637
7260	0.113823
7320	0.053897
7380	0.084635
7440	0.120607
7500	0.163313
7560	0.135327
7620	0.134137
7680	0.131498
7740	0.115178
7800	0.118189
7860	0.162132
7920	0.146236
7980	0.129207
8040	0.073402
8100	0.034815
8160	0.063231
8220	0.165120
8280	0.083793
8340	0.050783
8400	0.086568
8460	0.176103
8520	0.104055
8580	0.102306
8640	0.173406
8700	0.111724
8760	0.148353
8820	0.075696
8880	0.149359
8940	0.072732
9000	0.099881
9060	0.137290
9120	0.075349
9180	0.099296
9240	0.135880
9300	0.107159
9360	0.159676
9420	0.054121
9480	0.096429
9540	0.100709
9600	0.111860
9660	0.166970
9720	0.098237
9780	0.064925
9840	0.014030
9900	0.189671
9960	0.131580
10020	0.092197
10080	0.143983
10140	0.106243
10200	0.180205
10260	0.131909
10320	0.091783
10380	0.066780
10440	0.117975
10500	0.144874
10560	0.125468
10620	0.109896
10680	0.102664
10740	0.082456
10800	0.138291
10860	0.108559
10920	0.080112
10980	0.096072
11040	0.114195
11100	0.188106
11160	0.155736
11220	0.129086
11280	0.118763
11340	0.136456
11400	0.072727
11460	0.165962
11520	0.090289
11580	0.149992
11640	0.125851
11700	0.132525
11760	0.170701
11820	0.116363
11880	0.108561
11940	0.107564
12000	0.151762
12060	0.123675
12120	0.189496
12180	0.146231
12240	0.105110
12300	0.146945
12360	0.136703
12420	0.063059
12480	0.121774
12540	0.126219
12600	0.104294
12660	0.112689
12720	0.067696
12780	0.104861
12840	0.152583
12900	0.154496
12960	0.093635
13020	0.117443
13080	0.006383
13140	0.121398
13200	0.090572
13260	0.169843
13320	0.085486
13380	0.101079
13440	0.013859
13500	0.098952
13560	0.060165
13620	0.078479
13680	0.098067
13740	0.100936
13800	0.086968
13860	0.185785
13920	0.137237
13980	0.091958
14040	0.113414
14100	0.085411
14160	0.107094
14220	0.147569
14280	0.078440
14340	0.083471
14400	0.113126
14460	0.119261
14520	0.075947
14580	0.075041
14640	0.120233
14700	0.059681
14760	0.100409
14820	0.131626
14880	0.107238
14940	0.122822
15000	0.156917
15060	0.117137
15120	0.055974
15180	0.144653
15240	0.113928
15300	0.144440
15360	0.032179
15420	0.133438
15480	0.039156
15540	0.102745
15600	0.160101
15660	0.166192
15720	0.088793
15780	0.095663
15840	0.137498
15900	0.172294
15960	0.140598
16020	0.163581
16080	0.044453
16140	0.066160
16200	0.090924
16260	0.093629
16320	0.119420
16380	0.078059
16440	0.166880
16500	0.093703
16560	0.161126
16620	0.175769
16680	0.153533
16740	0.093570
16800	0.038939
16860	0.063235
16920	0.132711
16980	0.114090
17040	0.135816
17100	0.109008
17160	0.036364
17220	0.187156
17280	0.165338
17340	0.188972
17400	0.071950
17460	0.102912
17520	0.098005
17580	0.079861
17640	0.104395
17700	0.124627
17760	0.096700
17820	0.054734
17880	0.109286
17940	0.145969
18000	0.093418
18060	0.045190
18120	0.145979
18180	0.121975
18240	0.140145
18300	0.144099
18360	0.130776
18420	0.084877
18480	0.158166
18540	0.105452
18600	0.135176
18660	0.134459
18720	0.126531
18780	0.125262
18840	0.095064
18900	0.173554
18960	0.172631
19020	0.053231
19080	0.038516
19140	0.017599
19200	0.172587
19260	0.119974
19320	0.131869
19380	0.112314
19440	0.058800
19500	0.150974
19560	0.141922
19620	0.054088
19680	0.144480
19740	0.261284
19800	0.145017
19860	0.119191
19920	0.034165
19980	0.148162
20040	0.138765
20100	0.099344
20160	0.087080
20220	0.109678
20280	0.113361
20340	0.087018
20400	0.022154
20460	0.116825
20520	0.147390
20580	0.087906
20640	0.068859
20700	0.046268
20760	0.053496
20820	0.063803
20880	0.058674
20940	0.116013
21000	0.088718
21060	0.113555
21120	0.053331
21180	0.073309
21240	0.120516
21300	0.173109
21360	0.108883
21420	0.214937
21480	0.202984
21540	0.113458
