start	mean
-21600	0.121854
-21540	0.099828
-21480	0.109760
-21420	0.084022
-21360	0.123581
-21300	0.114175
-21240	0.118624
-21180	0.084797
-21120	0.165429
-21060	0.107901
-21000	0.095761
-20940	0.071675
-20880	0.081898
-20820	0.124085
-20760	0.147808
-20700	0.120885
-20640	0.096144
-20580	0.026641
-20520	0.115234
-20460	0.054786
-20400	0.152307
-20340	0.131061
-20280	0.043398
-20220	0.151655
-20160	0.165652
-20100	0.075746
-20040	0.107339
-19980	0.098215
-19920	0.129258
-19860	0.055884
-19800	0.081202
-19740	0.192296
-19680	0.150846
-19620	0.120909
-19560	0.061951
-19500	0.125422
-19440	0.138350
-19380	0.191127
-19320	0.106983
-19260	0.165267
-19200	0.161026
-19140	0.176770
-19080	0.112637
-19020	0.077400
-18960	0.149906
-18900	0.120057
-18840	0.068274
-18780	0.094118
-18720	0.157062
-18660	0.202066
-18600	0.194998
-18540	0.073268
-18480	0.113939
-18420	0.145513
-18360	0.095097
-18300	0.101984
-18240	0.084908
-18180	0.150775
-18120	0.142767
-18060	0.053608
-18000	0.142801
-17940	0.128119
-17880	0.056056
-17820	0.118431
-17760	0.193984
-17700	0.187513
-17640	0.137191
-17580	0.122672
-17520	0.193375
-17460	0.114919
-17400	0.063740
-17340	0.163879
-17280	0.240716
-17220	0.143013
-17160	0.055375
-17100	0.085567
-17040	0.113056
-16980	0.056024
-16920	0.102304
-16860	0.064072
-16800	0.131460
-16740	0.024409
-16680	0.152855
-16620	0.133886
-16560	0.037957
-16500	0.176815
-16440	0.128812
-16380	0.148081
-16320	0.144840
-16260	0.127276
-16200	0.087532
-16140	0.140780
-16080	0.119219
-16020	0.144690
-15960	0.074304
-15900	0.159072
-15840	0.132565
-15780	0.185544
-15720	0.160785
-15660	0.069423
-15600	0.129551
-15540	0.174748
-15480	0.143169
-15420	0.123272
-15360	0.173378
-15300	0.097245
-15240	0.122381
-15180	0.056055
-15120	0.093425
-15060	0.107387
-15000	0.161452
-14940	0.043221
-14880	0.128609
-14820	0.072113
-14760	0.147448
-14700	0.126363
-14640	0.155880
-14580	0.102831
-14520	0.134318
-14460	0.089790
-14400	0.089913
-14340	0.013057
-14280	0.067602
-14220	0.081964
-14160	0.088726
-14100	0.129671
-14040	0.119896
-13980	0.197522
-13920	0.138082
-13860	0.126888
-13800	0.101849
-13740	0.129803
-13680	0.081495
-13620	0.120297
-13560	0.101084
-13500	0.158783
-13440	0.127747
-13380	0.125713
-13320	0.147479
-13260	0.086684
-13200	0.114948
-13140	0.150901
-13080	0.102215
-13020	0.165754
-12960	0.105308
-12900	0.055204
-12840	0.138528
-12780	0.067595
-12720	0.150002
-12660	0.183906
-12600	0.101567
-12540	0.164552
-12480	0.062786
-12420	0.151992
-12360	0.123237
-12300	0.077459
-12240	0.112487
-12180	0.140054
-12120	0.104996
-12060	0.136608
-12000	0.150703
-11940	0.153816
-11880	0.174562
-11820	0.090325
-11760	0.072281
-11700	0.134012
-11640	0.039570
-11580	0.152461
-11520	0.147154
-11460	0.181078
-11400	0.101929
-11340	0.100778
-11280	0.158356
-11220	0.149617
-11160	0.071409
-11100	0.095392
-11040	0.116730
-10980	0.125959
-10920	0.113447
-10860	0.142036
-10800	0.094128
-10740	0.093474
-10680	0.105202
-10620	0.116095
-10560	0.135573
-10500	0.153056
-10440	0.145787
-10380	0.127867
-10320	0.138271
-10260	0.119346
-10200	0.153545
-10140	0.097433
-10080	0.126969
-10020	0.162213
-9960	0.144461
-9900	0.099121
-9840	0.108796
-9780	0.131469
-9720	0.121071
-9660	0.076586
-9600	0.148184
-9540	0.074676
-9480	0.080900
-9420	0.073681
-9360	0.060899
-9300	0.127027
-9240	0.129047
-9180	0.157355
-9120	0.097719
-9060	0.125275
-9000	0.113136
-8940	0.087143
-8880	0.152620
-8820	0.117343
-8760	0.113680
-8700	0.091924
-8640	0.102859
-8580	0.119429
-8520	0.115779
-8460	0.128896
-8400	0.156083
-8340	0.077358
-8280	0.128958
-8220	0.108187
-8160	0.080395
-8100	0.093215
-8040	0.092139
-7980	0.161613
-7920	0.116944
-7860	0.117158
-7800	0.109553
-7740	0.099344
-7680	0.069686
-7620	0.107410
-7560	0.176091
-7500	0.104505
-7440	0.117073
-7380	0.164426
-7320	0.064559
-7260	0.143982
-7200	0.150903
-7140	0.120238
-7080	0.102533
-7020	0.123934
-6960	0.105476
-6900	0.097101
-6840	0.119438
-6780	0.076940
-6720	0.049846
-6660	0.097128
-6600	0.110206
-6540	0.147551
-6480	0.088704
-6420	0.089567
-6360	0.123660
-6300	0.075626
-6240	0.133134
-6180	0.116860
-6120	0.096495
-6060	0.109466
-6000	0.127210
-5940	0.118296
-5880	0.124776
-5820	0.110712
-5760	0.121699
-5700	0.061565
-5640	0.111673
-5580	0.077991
-5520	0.082518
-5460	0.099833
-5400	0.096212
-5340	0.106986
-5280	0.078255
-5220	0.133458
-5160	0.111438
-5100	0.107311
-5040	0.076007
-4980	0.124411
-4920	0.123678
-4860	0.106638
-4800	0.116655
-4740	0.113100
-4680	0.066447
-4620	0.152738
-4560	0.096365
-4500	0.102470
-4440	0.105186
-4380	0.104024
-4320	0.147322
-4260	0.095252
-4200	0.095863
-4140	0.141665
-4080	0.153145
-4020	0.134413
-3960	0.064078
-3900	0.098591
-3840	0.109660
-3780	0.100191
-3720	0.136998
-3660	0.100985
-3600	0.067865
-3540	0.071819
-3480	0.081694
-3420	0.108483
-3360	0.139231
-3300	0.111357
-3240	0.104995
-3180	0.066786
-3120	0.100344
-3060	0.094207
-3000	0.142945
-2940	0.145071
-2880	0.075534
-2820	0.109638
-2760	0.132615
-2700	0.111184
-2640	0.098916
-2580	0.082031
-2520	0.054783
-2460	0.079178
-2400	0.121257
-2340	0.106256
-2280	0.081276
-2220	0.131073
-2160	0.109458
-2100	0.088773
-2040	0.111355
-1980	0.108472
-1920	0.099271
-1860	0.089822
-1800	0.113212
-1740	0.099761
-1680	0.078120
-1620	0.101159
-1560	0.108930
-1500	0.119920
-1440	0.103849
-1380	0.081565
-1320	0.105708
-1260	0.084901
-1200	0.111022
-1140	0.101522
-1080	0.056842
-1020	0.086209
-960	0.091383
-900	0.094801
-840	0.070686
-780	0.119240
-720	0.130668
-660	0.088942
-600	0.123312
-540	0.095729
-480	0.073537
-420	0.086925
-360	0.089584
-300	0.076822
-240	0.090629
-180	0.086928
-120	0.087688
-60	0.081696
0	0.098938
60	0.099196
120	0.123410
180	0.123996
240	0.111018
300	0.127443
360	0.134790
420	0.129540
480	0.091945
540	0.128350
600	0.127783
660	0.125900
720	0.104491
780	0.123254
840	0.117858
900	0.116179
960	0.134033
1020	0.082917
1080	0.120526
1140	0.095866
1200	0.124836
1260	0.141155
1320	0.119855
1380	0.108397
1440	0.121163
1500	0.141453
1560	0.090460
1620	0.107634
1680	0.141913
1740	0.102375
1800	0.135502
1860	0.126628
1920	0.131174
1980	0.108667
2040	0.070355
2100	0.140534
2160	0.107950
2220	0.120838
2280	0.127570
2340	0.108557
2400	0.139138
2460	0.106284
2520	0.118402
2580	0.132956
2640	0.103789
2700	0.085247
2760	0.125580
2820	0.114192
2880	0.106875
2940	0.125918
3000	0.105664
3060	0.120994
3120	0.098684
3180	0.110480
3240	0.113933
3300	0.111128
3360	0.128837
3420	0.107285
3480	0.135237
3540	0.068838
3600	0.112722
3660	0.153288
3720	0.077634
3780	0.102757
3840	0.133342
3900	0.137626
3960	0.104885
4020	0.119342
4080	0.173385
4140	0.166683
4200	0.100072
4260	0.100502
4320	0.153211
4380	0.116971
4440	0.149970
4500	0.111048
4560	0.137977
4620	0.148673
4680	0.133738
4740	0.117448
4800	0.110067
4860	0.140000
4920	0.093988
4980	0.139422
5040	0.105991
5100	0.087991
5160	0.123895
5220	0.127861
5280	0.109061
5340	0.135336
5400	0.156207
5460	0.120355
5520	0.128235
5580	0.136151
5640	0.103670
5700	0.116178
5760	0.105725
5820	0.089177
5880	0.162103
5940	0.147058
6000	0.127146
6060	0.140536
6120	0.115781
6180	0.140293
6240	0.142687
6300	0.110036
6360	0.167317
6420	0.149212
6480	0.143007
6540	0.117361
6600	0.091774
6660	0.108827
6720	0.135894
6780	0.108269
6840	0.142884
6900	0.154405
6960	0.065499
7020	0.085976
7080	0.094809
7140	0.111483
7200	0.110899
7260	0.074262
7320	0.143071
7380	0.121026
7440	0.104963
7500	0.144584
7560	0.137774
7620	0.091084
7680	0.093556
7740	0.116648
7800	0.112773
7860	0.129739
7920	0.136480
7980	0.131508
8040	0.126555
8100	0.078961
8160	0.090318
8220	0.140086
8280	0.118885
8340	0.144137
8400	0.095390
8460	0.128048
8520	0.092665
8580	0.138685
8640	0.096954
8700	0.120659
8760	0.079853
8820	0.134202
8880	0.114977
8940	0.108923
9000	0.158871
9060	0.103123
9120	0.164135
9180	0.142673
9240	0.077608
9300	0.066560
9360	0.130208
9420	0.139179
9480	0.103159
9540	0.119134
9600	0.082751
9660	0.118042
9720	0.098199
9780	0.078275
9840	0.097179
9900	0.130562
9960	0.148308
10020	0.066073
10080	0.109035
10140	0.127940
10200	0.108052
10260	0.112374
10320	0.144098
10380	0.082099
10440	0.111293
10500	0.046427
10560	0.077689
10620	0.148815
10680	0.114617
10740	0.128592
10800	0.158664
10860	0.097359
10920	0.117639
10980	0.088774
11040	0.127283
11100	0.105762
11160	0.094545
11220	0.106852
11280	0.085712
11340	0.115984
11400	0.069587
11460	0.123060
11520	0.057766
11580	0.086097
11640	0.128621
11700	0.090538
11760	0.113671
11820	0.097287
11880	0.120930
11940	0.112641
12000	0.105117
12060	0.083482
12120	0.092021
12180	0.065194
12240	0.091865
12300	0.144389
12360	0.094472
12420	0.131744
12480	0.136301
12540	0.097974
12600	0.099086
12660	0.105354
12720	0.113669
12780	0.105792
12840	0.116109
12900	0.125389
12960	0.093992
13020	0.100733
13080	0.114327
13140	0.126605
13200	0.153378
13260	0.101784
13320	0.139772
13380	0.131947
13440	0.118825
13500	0.112649
13560	0.149454
13620	0.108211
13680	0.094288
13740	0.155147
13800	0.125698
13860	0.118643
13920	0.081948
13980	0.138979
14040	0.133691
14100	0.108016
14160	0.120001
14220	0.082538
14280	0.161738
14340	0.091573
14400	0.112254
14460	0.128849
14520	0.095628
14580	0.046761
14640	0.095754
14700	0.128274
14760	0.128630
14820	0.118889
14880	0.117878
14940	0.178423
15000	0.109302
15060	0.129575
15120	0.131538
15180	0.090863
15240	0.124564
15300	0.172009
15360	0.130811
15420	0.062892
15480	0.189278
15540	0.183146
15600	0.063703
15660	0.132959
15720	0.165174
15780	0.079615
15840	0.121661
15900	0.165162
15960	0.145411
16020	0.107031
16080	0.127807
16140	0.136183
16200	0.122369
16260	0.153974
16320	0.026622
16380	0.138763
16440	0.138961
16500	0.107276
16560	0.103678
16620	0.094090
16680	0.133523
16740	0.077641
16800	0.108212
16860	0.113835
16920	0.138859
16980	0.150389
17040	0.156898
17100	0.109586
17160	0.106901
17220	0.122215
17280	0.106731
17340	0.098614
17400	0.154682
17460	0.104741
17520	0.141197
17580	0.135407
17640	0.139996
17700	0.147885
17760	0.124218
17820	0.049226
17880	0.058839
17940	0.119641
18000	0.101055
18060	0.089401
18120	0.119353
18180	0.079370
18240	0.098499
18300	0.141926
18360	0.117863
18420	0.135920
18480	0.119694
18540	0.148515
18600	0.093895
18660	0.161234
18720	0.101993
18780	0.159768
18840	0.188703
18900	0.156347
18960	0.128849
19020	0.098628
19080	0.122726
19140	0.104670
19200	0.129119
19260	0.143634
19320	0.147619
19380	0.143237
19440	0.087081
19500	0.113644
19560	0.159764
19620	0.082857
19680	0.103414
19740	0.144998
19800	0.133189
19860	0.070802
19920	0.132116
19980	0.090290
20040	0.105227
20100	0.045192
20160	0.149889
20220	0.106622
20280	0.132087
20340	0.054303
20400	0.120243
20460	0.053912
20520	0.087313
20580	0.160048
20640	0.103786
20700	0.073315
20760	0.142284
20820	0.119762
20880	0.063699
20940	0.114139
21000	0.158172
21060	0.145481
21120	0.142495
21180	0.151598
21240	0.079500
21300	0.183075
21360	0.153640
21420	0.037579
21480	0.114344
21540	0.114435
