start	mean
-21600	0.156427
-21540	0.118337
-21480	0.024948
-21420	0.004218
-21360	0.029617
-21300	0.160854
-21240	0.022294
-21180	0.194167
-21120	0.182941
-21060	0.094448
-21000	0.148711
-20940	0.132915
-20880	0.186963
-20820	0.050241
-20760	0.134615
-20700	0.085209
-20640	0.181734
-20580	0.054598
-20520	0.121495
-20460	0.155359
-20400	0.124708
-20340	0.101448
-20280	0.191134
-20220	0.120746
-20160	0.054271
-20100	0.114755
-20040	0.090518
-19980	0.085916
-19920	0.059518
-19860	0.162572
-19800	0.105221
-19740	0.114122
-19680	0.110315
-19620	0.177693
-19560	0.094760
-19500	0.081428
-19440	0.195574
-19380	0.081864
-19320	0.125976
-19260	0.280058
-19200	0.068285
-19140	0.191969
-19080	0.102118
-19020	0.145946
-18960	0.049020
-18900	0.151307
-18840	0.116582
-18780	0.169100
-18720	0.200502
-18660	0.045308
-18600	0.123477
-18540	0.080239
-18480	0.057354
-18420	0.105749
-18360	0.089744
-18300	0.164048
-18240	0.211788
-18180	0.131811
-18120	0.208032
-18060	0.073574
-18000	0.136550
-17940	0.260784
-17880	0.153957
-17820	0.192649
-17760	0.125562
-17700	0.212608
-17640	0.056417
-17580	0.194591
-17520	0.188919
-17460	0.136036
-17400	0.150009
-17340	0.140240
-17280	0.192161
-17220	0.169187
-17160	0.072104
-17100	0.195334
-17040	0.095863
-16980	0.193556
-16920	0.203886
-16860	0.183605
-16800	0.152613
-16740	0.175173
-16680	0.120329
-16620	0.094836
-16560	0.242565
-16500	0.146158
-16440	0.158677
-16380	0.087375
-16320	0.146809
-16260	0.122337
-16200	0.080800
-16140	0.083341
-16080	0.189105
-16020	0.168996
-15960	0.265432
-15900	0.120390
-15840	0.182860
-15780	0.010932
-15720	0.186987
-15660	0.109182
-15600	0.070649
-15540	0.129338
-15480	0.173086
-15420	0.121638
-15360	0.232504
-15300	0.085002
-15240	0.093126
-15180	0.013430
-15120	0.215895
-15060	0.157971
-15000	0.170698
-14940	0.133767
-14880	0.183896
-14820	0.111761
-14760	0.142493
-14700	0.211776
-14640	-0.005919
-14580	0.139007
-14520	0.133860
-14460	0.166582
-14400	0.155476
-14340	0.135578
-14280	0.130677
-14220	0.170583
-14160	0.143562
-14100	0.146694
-14040	0.146080
-13980	0.184616
-13920	0.168456
-13860	0.119769
-13800	0.155323
-13740	0.128078
-13680	0.189137
-13620	0.072702
-13560	0.109056
-13500	0.054405
-13440	0.074775
-13380	0.059707
-13320	0.111893
-13260	0.089733
-13200	0.155286
-13140	0.028203
-13080	0.129793
-13020	0.143824
-12960	0.123895
-12900	0.174288
-12840	0.037793
-12780	0.022011
-12720	0.074209
-12660	0.100815
-12600	0.192402
-12540	0.128949
-12480	0.132904
-12420	0.162639
-12360	0.109789
-12300	0.017449
-12240	0.123692
-12180	0.154925
-12120	0.083458
-12060	0.116598
-12000	0.075798
-11940	0.117738
-11880	0.124380
-11820	0.116850
-11760	0.038393
-11700	0.072065
-11640	0.165320
-11580	0.130310
-11520	0.124528
-11460	0.112732
-11400	0.101414
-11340	0.068844
-11280	0.119565
-11220	0.211296
-11160	0.253604
-11100	0.118905
-11040	0.089815
-10980	0.138916
-10920	0.080956
-10860	0.207483
-10800	0.161693
-10740	0.145909
-10680	0.224844
-10620	0.054572
-10560	0.121592
-10500	0.058816
-10440	0.213342
-10380	0.165278
-10320	0.092674
-10260	0.169390
-10200	0.058233
-10140	0.201999
-10080	0.191829
-10020	0.180778
-9960	0.174903
-9900	0.009888
-9840	0.078648
-9780	0.128039
-9720	0.097687
-9660	0.109310
-9600	0.095673
-9540	0.187782
-9480	0.134137
-9420	0.136459
-9360	0.114657
-9300	0.154845
-9240	0.133537
-9180	0.105902
-9120	0.108952
-9060	0.141205
-9000	0.109644
-8940	0.012594
-8880	0.111009
-8820	0.111281
-8760	0.103638
-8700	0.129444
-8640	0.212673
-8580	0.129551
-8520	0.114757
-8460	0.046423
-8400	0.157772
-8340	0.144209
-8280	0.172148
-8220	0.179518
-8160	0.141775
-8100	0.120767
-8040	0.172981
-7980	0.267405
-7920	0.086551
-7860	0.112954
-7800	0.158930
-7740	0.221198
-7680	0.083579
-7620	0.114170
-7560	0.087010
-7500	0.116444
-7440	0.121631
-7380	0.138388
-7320	0.125359
-7260	0.138388
-7200	0.202537
-7140	0.130888
-7080	0.150545
-7020	0.234302
-6960	0.049930
-6900	0.162427
-6840	0.170464
-6780	0.106324
-6720	0.109020
-6660	0.173287
-6600	0.103814
-6540	0.088680
-6480	0.089492
-6420	0.149095
-6360	0.140589
-6300	0.170127
-6240	0.090018
-6180	0.134751
-6120	0.102488
-6060	0.080585
-6000	0.155096
-5940	0.055038
-5880	0.063226
-5820	0.105700
-5760	0.107763
-5700	0.107423
-5640	0.066511
-5580	0.126223
-5520	0.171004
-5460	0.160979
-5400	0.094549
-5340	0.075232
-5280	0.180879
-5220	0.142682
-5160	0.059722
-5100	0.128156
-5040	0.113409
-4980	0.095140
-4920	0.159540
-4860	0.115289
-4800	0.152200
-4740	0.084157
-4680	0.099928
-4620	0.130130
-4560	0.132161
-4500	0.125422
-4440	0.101328
-4380	0.094248
-4320	0.137867
-4260	0.210734
-4200	0.210254
-4140	0.083032
-4080	0.041355
-4020	0.119265
-3960	0.138475
-3900	0.143998
-3840	0.108780
-3780	0.104547
-3720	0.098917
-3660	0.117178
-3600	0.138924
-3540	0.136056
-3480	0.158430
-3420	0.134983
-3360	0.074435
-3300	0.135815
-3240	0.155039
-3180	0.178498
-3120	0.127106
-3060	0.289349
-3000	0.128935
-2940	0.117968
-2880	0.147189
-2820	0.089203
-2760	0.157058
-2700	0.153180
-2640	0.209924
-2580	0.140608
-2520	0.088338
-2460	0.189417
-2400	0.135145
-2340	0.142115
-2280	0.154912
-2220	0.144029
-2160	0.220018
-2100	0.130189
-2040	0.126735
-1980	0.184519
-1920	0.176658
-1860	0.123752
-1800	0.126957
-1740	0.172924
-1680	0.157878
-1620	0.181208
-1560	0.144214
-1500	0.194450
-1440	0.125231
-1380	0.152957
-1320	0.150152
-1260	0.137031
-1200	0.115862
-1140	0.131403
-1080	0.109831
-1020	0.148807
-960	0.117922
-900	0.123597
-840	0.159325
-780	0.176071
-720	0.172943
-660	0.143945
-600	0.231501
-540	0.161933
-480	0.155323
-420	0.171196
-360	0.113589
-300	0.139330
-240	0.179860
-180	0.142832
-120	0.196019
-60	0.168975
0	0.158047
60	0.182276
120	0.160919
180	0.173836
240	0.179530
300	0.177861
360	0.130068
420	0.145487
480	0.138556
540	0.125052
600	0.160805
660	0.162371
720	0.186501
780	0.158572
840	0.133183
900	0.134196
960	0.144087
1020	0.158029
1080	0.115569
1140	0.128273
1200	0.200312
1260	0.104713
1320	0.107646
1380	0.149583
1440	0.157627
1500	0.092746
1560	0.176713
1620	0.128126
1680	0.152497
1740	0.109565
1800	0.163033
1860	0.129519
1920	0.138036
1980	0.106721
2040	0.131367
2100	0.100060
2160	0.155699
2220	0.139322
2280	0.202388
2340	0.150204
2400	0.139624
2460	0.110638
2520	0.193522
2580	0.187323
2640	0.113871
2700	0.110107
2760	0.079544
2820	0.136146
2880	0.185746
2940	0.165654
3000	0.127889
3060	0.195927
3120	0.107052
3180	0.125890
3240	0.121762
3300	0.155160
3360	0.185536
3420	0.136382
3480	0.112273
3540	0.078930
3600	0.164446
3660	0.189613
3720	0.203798
3780	0.146465
3840	0.208872
3900	0.110605
3960	0.113530
4020	0.146291
4080	0.056756
4140	0.182484
4200	0.114366
4260	0.176143
4320	0.082527
4380	0.182178
4440	0.182633
4500	0.119691
4560	0.117809
4620	0.059566
4680	0.148784
4740	0.064939
4800	0.202497
4860	0.098790
4920	0.137508
4980	0.167198
5040	0.171304
5100	0.177685
5160	0.196438
5220	0.108722
5280	0.103397
5340	0.126359
5400	0.114990
5460	0.191054
5520	0.080577
5580	0.133647
5640	0.199631
5700	0.091240
5760	0.107425
5820	0.140908
5880	0.164861
5940	0.183910
6000	0.157632
6060	0.129500
6120	0.125872
6180	0.029766
6240	0.160419
6300	0.193603
6360	0.064538
6420	0.088115
6480	0.121634
6540	0.144745
6600	0.144603
6660	0.108453
6720	0.083672
6780	0.117825
6840	0.151626
6900	0.036023
6960	0.176713
7020	0.168644
7080	0.049364
7140	0.123274
7200	0.159159
7260	0.200975
7320	0.201566
7380	0.072899
7440	0.167480
7500	0.211517
7560	0.066092
7620	0.180860
7680	0.140382
7740	0.126185
7800	0.143380
7860	0.246534
7920	0.098107
7980	0.103347
8040	0.190290
8100	0.133176
8160	0.039421
8220	0.167016
8280	0.082001
8340	0.135782
8400	0.146778
8460	0.176189
8520	0.073073
8580	0.154318
8640	0.070304
8700	0.147924
8760	0.116352
8820	0.190657
8880	0.137267
8940	0.102326
9000	0.196415
9060	0.119595
9120	0.142055
9180	0.106566
9240	0.148789
9300	0.074326
9360	0.072610
9420	0.146031
9480	0.205896
9540	0.092115
9600	0.073950
9660	0.149831
9720	0.105860
9780	0.146051
9840	0.163230
9900	0.195434
9960	0.197685
10020	0.154138
10080	0.183764
10140	0.162069
10200	0.090642
10260	0.086647
10320	0.031318
10380	0.140025
10440	0.063220
10500	0.184107
10560	0.113047
10620	0.161084
10680	0.294378
10740	0.157131
10800	0.138555
10860	0.122255
10920	0.135866
10980	0.135879
11040	0.175884
11100	0.020577
11160	0.105286
11220	0.190852
11280	0.189125
11340	0.109055
11400	0.123379
11460	0.092523
11520	0.089272
11580	0.092280
11640	0.186832
11700	0.138688
11760	0.116732
11820	0.095080
11880	0.149165
11940	0.117403
12000	0.149068
12060	0.075946
12120	0.102491
12180	0.213997
12240	0.099096
12300	0.109456
12360	0.198097
12420	0.140960
12480	0.177348
12540	0.155456
12600	0.105548
12660	0.088782
12720	0.091119
12780	0.078468
12840	0.224790
12900	0.157339
12960	0.083246
13020	0.009719
13080	0.073779
13140	0.101540
13200	0.117567
13260	0.070631
13320	0.151253
13380	0.133807
13440	0.179247
13500	0.096559
13560	0.135004
13620	0.071877
13680	0.167027
13740	0.289885
13800	0.151661
13860	0.086649
13920	0.030872
13980	0.109767
14040	0.172889
14100	0.157900
14160	0.049884
14220	0.179179
14280	0.120996
14340	0.124491
14400	0.131477
14460	0.269607
14520	0.137103
14580	0.080510
14640	0.123507
14700	0.170974
14760	0.095005
14820	0.022596
14880	0.253868
14940	0.106027
15000	0.091967
15060	0.155417
15120	0.190850
15180	0.099702
15240	0.096827
15300	0.053860
15360	0.094215
15420	0.104455
15480	0.165294
15540	0.187548
15600	0.129990
15660	0.084041
15720	0.131565
15780	0.078565
15840	0.094465
15900	0.223960
15960	0.045009
16020	0.217846
16080	0.115213
16140	0.140210
16200	0.093131
16260	0.127813
16320	0.065908
16380	0.130430
16440	0.007555
16500	0.122576
16560	0.102846
16620	0.066388
16680	0.166866
16740	0.142569
16800	0.074770
16860	0.169480
16920	0.078892
16980	0.054878
17040	0.090665
17100	-0.017900
17160	0.147492
17220	0.147522
17280	0.119963
17340	0.101866
17400	0.186516
17460	0.128798
17520	0.073557
17580	0.111619
17640	0.103794
17700	0.094088
17760	0.039575
17820	0.062326
17880	0.029006
17940	0.103153
18000	0.205146
18060	0.075648
18120	0.109387
18180	0.117798
18240	0.146369
18300	0.111029
18360	0.080332
18420	0.036329
18480	0.026540
18540	0.131218
18600	0.081259
18660	0.132859
18720	0.133490
18780	0.086932
18840	0.031743
18900	0.112741
18960	0.148267
19020	0.190507
19080	0.096037
19140	0.161697
19200	0.061334
19260	0.057976
19320	0.058664
19380	0.013165
19440	0.022094
19500	0.063110
19560	0.044424
19620	0.107751
19680	0.106048
19740	0.183765
19800	0.053802
19860	0.125984
19920	0.076720
19980	0.117382
20040	0.149774
20100	0.064455
20160	0.105852
20220	0.087306
20280	0.083594
20340	0.221310
20400	0.045112
20460	0.141005
20520	0.117279
20580	0.207046
20640	0.031111
20700	0.066508
20760	0.031426
20820	0.181208
20880	0.164229
20940	0.063583
21000	0.122687
21060	0.120433
21120	0.169458
21180	0.084855
21240	-0.005798
21300	0.044818
21360	0.183188
21420	0.145968
21480	0.103400
21540	0.161600
