start	mean
-21600	0.108224
-21540	0.088771
-21480	0.103010
-21420	0.140146
-21360	0.057658
-21300	0.087479
-21240	0.055751
-21180	0.082288
-21120	0.079312
-21060	0.045120
-21000	0.158332
-20940	0.141667
-20880	0.125221
-20820	0.081206
-20760	0.121108
-20700	0.119785
-20640	0.111204
-20580	0.088768
-20520	0.126112
-20460	0.103992
-20400	0.110935
-20340	0.065633
-20280	0.041711
-20220	0.149468
-20160	0.103059
-20100	0.097691
-20040	0.114234
-19980	0.093657
-19920	0.153055
-19860	0.140645
-19800	0.095679
-19740	0.128318
-19680	0.126789
-19620	0.095920
-19560	0.114378
-19500	0.147062
-19440	0.112079
-19380	0.069007
-19320	0.091797
-19260	0.093185
-19200	0.154058
-19140	0.099457
-19080	0.117947
-19020	0.136153
-18960	0.137935
-18900	0.118662
-18840	0.110170
-18780	0.119938
-18720	0.068234
-18660	0.155891
-18600	0.096858
-18540	0.158004
-18480	0.117863
-18420	0.093092
-18360	0.112487
-18300	0.121214
-18240	0.106308
-18180	0.084111
-18120	0.129459
-18060	0.135688
-18000	0.100441
-17940	0.089655
-17880	0.096872
-17820	0.106917
-17760	0.099644
-17700	0.166786
-17640	0.152403
-17580	0.086133
-17520	0.151090
-17460	0.059776
-17400	0.166834
-17340	0.092657
-17280	0.111054
-17220	0.101253
-17160	0.073532
-17100	0.125187
-17040	0.119039
-16980	0.140785
-16920	0.106549
-16860	0.117373
-16800	0.105050
-16740	0.123362
-16680	0.073151
-16620	0.191428
-16560	0.064670
-16500	0.100849
-16440	0.111592
-16380	0.103500
-16320	0.109267
-16260	0.070125
-16200	0.127908
-16140	0.120129
-16080	0.063651
-16020	0.093463
-15960	0.110561
-15900	0.108319
-15840	0.078382
-15780	0.085065
-15720	0.125994
-15660	0.162351
-15600	0.131643
-15540	0.140165
-15480	0.096988
-15420	0.058112
-15360	0.128440
-15300	0.132208
-15240	0.104846
-15180	0.112022
-15120	0.122705
-15060	0.124987
-15000	0.033043
-14940	0.101480
-14880	0.135739
-14820	0.107298
-14760	0.129413
-14700	0.181506
-14640	0.100095
-14580	0.134701
-14520	0.062774
-14460	0.124145
-14400	0.093104
-14340	0.097515
-14280	0.061074
-14220	0.112602
-14160	0.106481
-14100	0.108776
-14040	0.064955
-13980	0.128131
-13920	0.058545
-13860	0.095241
-13800	0.097551
-13740	0.098593
-13680	0.059379
-13620	0.105004
-13560	0.097465
-13500	0.109324
-13440	0.095946
-13380	0.104217
-13320	0.076071
-13260	0.097594
-13200	0.083506
-13140	0.128137
-13080	0.100803
-13020	0.071049
-12960	0.102271
-12900	0.153657
-12840	0.043330
-12780	0.100335
-12720	0.130755
-12660	0.117759
-12600	0.150190
-12540	0.120286
-12480	0.124716
-12420	0.130072
-12360	0.088520
-12300	0.158929
-12240	0.122569
-12180	0.107416
-12120	0.077514
-12060	0.086809
-12000	0.113535
-11940	0.142618
-11880	0.108636
-11820	0.120147
-11760	0.126440
-11700	0.111323
-11640	0.146238
-11580	0.098539
-11520	0.144297
-11460	0.057637
-11400	0.129645
-11340	0.159112
-11280	0.081963
-11220	0.125747
-11160	0.129602
-11100	0.096695
-11040	0.126196
-10980	0.134029
-10920	0.132814
-10860	0.091660
-10800	0.169444
-10740	0.146760
-10680	0.125889
-10620	0.134505
-10560	0.118214
-10500	0.099408
-10440	0.181995
-10380	0.088554
-10320	0.101995
-10260	0.087080
-10200	0.179644
-10140	0.098351
-10080	0.140356
-10020	0.133814
-9960	0.122820
-9900	0.145673
-9840	0.138686
-9780	0.126785
-9720	0.072661
-9660	0.095406
-9600	0.129566
-9540	0.100301
-9480	0.127414
-9420	0.095300
-9360	0.102593
-9300	0.118331
-9240	0.132733
-9180	0.105169
-9120	0.122817
-9060	0.095486
-9000	0.079954
-8940	0.093110
-8880	0.111923
-8820	0.134114
-8760	0.123898
-8700	0.105245
-8640	0.146387
-8580	0.122946
-8520	0.076087
-8460	0.164611
-8400	0.088448
-8340	0.087012
-8280	0.108227
-8220	0.069837
-8160	0.129461
-8100	0.120454
-8040	0.103373
-7980	0.117516
-7920	0.150908
-7860	0.138925
-7800	0.090907
-7740	0.089245
-7680	0.062579
-7620	0.063587
-7560	0.098445
-7500	0.123817
-7440	0.071110
-7380	0.088672
-7320	0.075021
-7260	0.109239
-7200	0.112722
-7140	0.128159
-7080	0.092532
-7020	0.089408
-6960	0.111930
-6900	0.092660
-6840	0.090659
-6780	0.122774
-6720	0.125240
-6660	0.099456
-6600	0.081419
-6540	0.062035
-6480	0.112755
-6420	0.118228
-6360	0.086165
-6300	0.127759
-6240	0.084625
-6180	0.121029
-6120	0.117117
-6060	0.095412
-6000	0.099605
-5940	0.111618
-5880	0.102804
-5820	0.091820
-5760	0.116203
-5700	0.102146
-5640	0.109184
-5580	0.143346
-5520	0.117512
-5460	0.071598
-5400	0.155672
-5340	0.092116
-5280	0.114061
-5220	0.091909
-5160	0.135887
-5100	0.109368
-5040	0.061897
-4980	0.080170
-4920	0.100549
-4860	0.105204
-4800	0.081002
-4740	0.095869
-4680	0.086215
-4620	0.116567
-4560	0.090420
-4500	0.084109
-4440	0.109995
-4380	0.083928
-4320	0.125390
-4260	0.087663
-4200	0.086126
-4140	0.106807
-4080	0.103817
-4020	0.114368
-3960	0.095013
-3900	0.100650
-3840	0.096935
-3780	0.086779
-3720	0.056298
-3660	0.125680
-3600	0.106442
-3540	0.097379
-3480	0.106759
-3420	0.101696
-3360	0.108828
-3300	0.128359
-3240	0.087938
-3180	0.087692
-3120	0.086333
-3060	0.088623
-3000	0.101775
-2940	0.111474
-2880	0.098312
-2820	0.133510
-2760	0.123987
-2700	0.079713
-2640	0.105980
-2580	0.092721
-2520	0.110990
-2460	0.063495
-2400	0.106573
-2340	0.063587
-2280	0.118912
-2220	0.125184
-2160	0.057524
-2100	0.085907
-2040	0.087745
-1980	0.094625
-1920	0.079626
-1860	0.091722
-1800	0.104096
-1740	0.110910
-1680	0.098731
-1620	0.100577
-1560	0.098513
-1500	0.085082
-1440	0.114707
-1380	0.090766
-1320	0.082622
-1260	0.095202
-1200	0.091143
-1140	0.097343
-1080	0.094010
-1020	0.103848
-960	0.078078
-900	0.069116
-840	0.105483
-780	0.082654
-720	0.088199
-660	0.077177
-600	0.099458
-540	0.068321
-480	0.072572
-420	0.087559
-360	0.069034
-300	0.078098
-240	0.068401
-180	0.081846
-120	0.103364
-60	0.051480
0	0.084566
60	0.093663
120	0.109472
180	0.103250
240	0.075958
300	0.116979
360	0.099690
420	0.125610
480	0.110912
540	0.105885
600	0.102568
660	0.123303
720	0.102133
780	0.109611
840	0.123565
900	0.092168
960	0.117893
1020	0.106251
1080	0.123696
1140	0.111803
1200	0.098351
1260	0.116969
1320	0.134516
1380	0.120689
1440	0.108535
1500	0.122796
1560	0.083142
1620	0.098357
1680	0.118503
1740	0.137648
1800	0.119377
1860	0.123430
1920	0.122319
1980	0.111850
2040	0.082795
2100	0.107287
2160	0.100869
2220	0.097894
2280	0.115316
2340	0.089410
2400	0.072147
2460	0.149752
2520	0.116012
2580	0.121716
2640	0.078979
2700	0.122541
2760	0.106324
2820	0.117348
2880	0.123234
2940	0.110608
3000	0.107407
3060	0.118207
3120	0.104478
3180	0.095463
3240	0.109086
3300	0.109618
3360	0.120652
3420	0.093582
3480	0.107482
3540	0.111055
3600	0.109268
3660	0.092125
3720	0.058912
3780	0.110516
3840	0.117814
3900	0.100151
3960	0.111379
4020	0.108823
4080	0.092695
4140	0.078450
4200	0.105723
4260	0.085827
4320	0.128495
4380	0.073016
4440	0.132169
4500	0.108023
4560	0.110546
4620	0.070071
4680	0.113219
4740	0.081670
4800	0.071090
4860	0.093751
4920	0.117383
4980	0.114881
5040	0.079602
5100	0.122027
5160	0.125635
5220	0.098920
5280	0.085601
5340	0.111702
5400	0.125272
5460	0.144199
5520	0.133428
5580	0.127558
5640	0.118410
5700	0.143862
5760	0.145564
5820	0.142042
5880	0.123673
5940	0.134704
6000	0.118259
6060	0.145762
6120	0.115211
6180	0.097741
6240	0.090574
6300	0.106183
6360	0.069621
6420	0.106079
6480	0.106500
6540	0.132846
6600	0.132633
6660	0.125292
6720	0.125345
6780	0.091210
6840	0.089954
6900	0.160042
6960	0.059182
7020	0.045591
7080	0.089893
7140	0.110476
7200	0.073567
7260	0.106553
7320	0.143013
7380	0.125584
7440	0.124163
7500	0.081318
7560	0.123084
7620	0.073325
7680	0.138230
7740	0.065194
7800	0.128371
7860	0.099908
7920	0.097793
7980	0.104383
8040	0.123466
8100	0.132559
8160	0.108762
8220	0.185972
8280	0.106790
8340	0.127031
8400	0.115598
8460	0.098330
8520	0.118836
8580	0.079549
8640	0.098357
8700	0.163437
8760	0.123844
8820	0.104291
8880	0.094344
8940	0.117775
9000	0.121443
9060	0.153612
9120	0.127001
9180	0.109325
9240	0.083343
9300	0.142626
9360	0.020039
9420	0.072212
9480	0.134730
9540	0.093674
9600	0.075727
9660	0.125030
9720	0.181446
9780	0.077158
9840	0.107350
9900	0.121238
9960	0.164985
10020	0.150730
10080	0.173515
10140	0.111086
10200	0.170210
10260	0.142038
10320	0.086773
10380	0.136812
10440	0.122093
10500	0.071170
10560	0.099775
10620	0.074379
10680	0.127693
10740	0.107165
10800	0.142764
10860	0.104687
10920	0.117979
10980	0.083579
11040	0.101191
11100	0.135593
11160	0.052015
11220	0.106671
11280	0.076973
11340	0.110099
11400	0.067180
11460	0.022078
11520	0.110800
11580	0.119947
11640	0.135223
11700	0.144011
11760	0.139569
11820	0.138948
11880	0.061517
11940	0.102805
12000	0.093724
12060	0.102617
12120	0.106726
12180	0.180054
12240	0.063364
12300	0.101033
12360	0.035407
12420	0.114054
12480	0.104211
12540	0.137192
12600	0.013512
12660	0.094529
12720	0.140069
12780	0.087893
12840	0.117103
12900	0.161991
12960	0.119970
13020	0.040072
13080	0.140585
13140	0.090118
13200	0.074320
13260	0.048046
13320	0.141213
13380	0.179783
13440	0.095584
13500	0.123173
13560	0.141306
13620	0.058311
13680	0.067696
13740	0.119220
13800	0.133534
13860	0.097485
13920	0.078259
13980	0.063675
14040	0.163854
14100	0.123767
14160	0.109068
14220	0.098161
14280	0.060917
14340	0.142348
14400	0.032037
14460	0.131366
14520	0.129982
14580	0.189588
14640	0.070875
14700	0.087559
14760	0.151433
14820	0.127824
14880	0.136562
14940	0.219048
15000	0.105657
15060	0.104664
15120	0.172361
15180	0.068142
15240	0.108288
15300	0.055672
15360	0.074470
15420	0.129310
15480	0.181664
15540	0.147126
15600	0.107396
15660	0.162699
15720	0.126955
15780	0.086156
15840	0.135862
15900	0.149376
15960	0.084928
16020	0.079290
16080	0.127928
16140	0.077645
16200	0.122424
16260	0.100108
16320	0.064467
16380	0.117250
16440	0.088379
16500	0.104843
16560	0.126263
16620	0.101449
16680	0.125380
16740	0.103064
16800	0.129490
16860	0.111152
16920	0.145625
16980	0.125481
17040	0.121311
17100	0.148526
17160	0.155946
17220	0.078179
17280	0.111782
17340	0.088025
17400	0.128585
17460	0.098584
17520	0.146876
17580	0.116018
17640	0.044979
17700	0.122633
17760	0.198877
17820	0.093716
17880	0.068229
17940	0.150097
18000	0.122554
18060	0.162752
18120	0.133737
18180	0.192922
18240	0.138037
18300	0.180797
18360	0.126426
18420	0.135683
18480	0.077967
18540	0.135347
18600	0.072981
18660	0.077285
18720	0.117160
18780	0.079222
18840	0.073722
18900	0.009207
18960	0.202252
19020	0.080157
19080	0.078661
19140	0.121515
19200	0.096077
19260	0.103829
19320	0.114166
19380	0.076097
19440	0.125505
19500	0.162147
19560	0.143912
19620	0.115846
19680	0.099890
19740	0.141395
19800	0.036995
19860	0.179504
19920	0.105747
19980	0.116576
20040	0.140053
20100	0.076438
20160	0.015663
20220	0.082637
20280	0.130362
20340	0.155594
20400	0.122863
20460	0.129775
20520	0.045527
20580	0.079880
20640	0.129628
20700	0.076088
20760	0.161544
20820	0.150463
20880	0.156826
20940	0.092222
21000	0.114065
21060	0.063462
21120	0.080790
21180	0.087106
21240	0.065786
21300	0.165093
21360	0.051560
21420	0.100528
21480	0.221138
21540	0.082483
