start	mean
-21600	0.088977
-21540	0.111718
-21480	0.044277
-21420	0.061617
-21360	0.071078
-21300	0.075373
-21240	0.139827
-21180	0.111636
-21120	0.141820
-21060	0.194180
-21000	0.095714
-20940	0.187550
-20880	0.116923
-20820	0.170113
-20760	0.082554
-20700	0.110856
-20640	0.146272
-20580	0.125991
-20520	0.139557
-20460	0.158290
-20400	0.122077
-20340	0.118290
-20280	0.113879
-20220	0.100176
-20160	0.098667
-20100	0.091553
-20040	0.108314
-19980	0.153757
-19920	0.094024
-19860	0.137392
-19800	0.164355
-19740	0.125671
-19680	0.125407
-19620	0.161647
-19560	0.064126
-19500	0.113630
-19440	0.174390
-19380	0.147392
-19320	0.163374
-19260	0.204416
-19200	0.140107
-19140	0.136467
-19080	0.101157
-19020	0.167159
-18960	0.104164
-18900	0.141758
-18840	0.143757
-18780	0.113773
-18720	0.135855
-18660	0.136662
-18600	0.122436
-18540	0.101189
-18480	0.094478
-18420	0.176005
-18360	0.106782
-18300	0.152164
-18240	0.166546
-18180	0.135775
-18120	0.122333
-18060	0.140757
-18000	0.133996
-17940	0.151921
-17880	0.110341
-17820	0.125435
-17760	0.187777
-17700	0.190898
-17640	0.095744
-17580	0.145634
-17520	0.094133
-17460	0.109878
-17400	0.128628
-17340	0.170411
-17280	0.155750
-17220	0.160096
-17160	0.100953
-17100	0.158589
-17040	0.147583
-16980	0.101971
-16920	0.167265
-16860	0.124256
-16800	0.097846
-16740	0.098062
-16680	0.146528
-16620	0.109519
-16560	0.139338
-16500	0.090091
-16440	0.150211
-16380	0.121452
-16320	0.121914
-16260	0.163682
-16200	0.102572
-16140	0.132895
-16080	0.180015
-16020	0.126695
-15960	0.150529
-15900	0.137787
-15840	0.121842
-15780	0.086608
-15720	0.159794
-15660	0.176357
-15600	0.094465
-15540	0.148223
-15480	0.116323
-15420	0.114594
-15360	0.130898
-15300	0.084044
-15240	0.147971
-15180	0.108752
-15120	0.142698
-15060	0.139077
-15000	0.128923
-14940	0.137973
-14880	0.174179
-14820	0.150710
-14760	0.136494
-14700	0.134866
-14640	0.079403
-14580	0.128713
-14520	0.167274
-14460	0.117906
-14400	0.161598
-14340	0.166075
-14280	0.096166
-14220	0.138643
-14160	0.093508
-14100	0.116994
-14040	0.107866
-13980	0.105375
-13920	0.123833
-13860	0.055155
-13800	0.118900
-13740	0.088940
-13680	0.161865
-13620	0.116564
-13560	0.102532
-13500	0.127877
-13440	0.101437
-13380	0.056544
-13320	0.139520
-13260	0.120856
-13200	0.114626
-13140	0.095974
-13080	0.100936
-13020	0.121737
-12960	0.097289
-12900	0.118445
-12840	0.101978
-12780	0.077727
-12720	0.091594
-12660	0.106172
-12600	0.134440
-12540	0.125485
-12480	0.118471
-12420	0.171764
-12360	0.143601
-12300	0.113861
-12240	0.119475
-12180	0.110753
-12120	0.115706
-12060	0.121654
-12000	0.109586
-11940	0.141269
-11880	0.170590
-11820	0.145220
-11760	0.127963
-11700	0.107063
-11640	0.127849
-11580	0.132261
-11520	0.106069
-11460	0.158797
-11400	0.144387
-11340	0.120022
-11280	0.123821
-11220	0.135475
-11160	0.213016
-11100	0.111121
-11040	0.090340
-10980	0.103942
-10920	0.131770
-10860	0.154661
-10800	0.158270
-10740	0.182942
-10680	0.128752
-10620	0.079134
-10560	0.109622
-10500	0.122916
-10440	0.147303
-10380	0.088558
-10320	0.146938
-10260	0.162293
-10200	0.105773
-10140	0.188669
-10080	0.108907
-10020	0.154397
-9960	0.132403
-9900	0.059307
-9840	0.118714
-9780	0.132922
-9720	0.127836
-9660	0.121236
-9600	0.158859
-9540	0.172379
-9480	0.090516
-9420	0.153454
-9360	0.129664
-9300	0.130536
-9240	0.134007
-9180	0.112889
-9120	0.135631
-9060	0.158764
-9000	0.150312
-8940	0.065350
-8880	0.105569
-8820	0.097875
-8760	0.129927
-8700	0.132519
-8640	0.168538
-8580	0.143218
-8520	0.118145
-8460	0.137220
-8400	0.096467
-8340	0.168589
-8280	0.129062
-8220	0.166040
-8160	0.105259
-8100	0.080415
-8040	0.140379
-7980	0.174203
-7920	0.099732
-7860	0.162100
-7800	0.148536
-7740	0.127413
-7680	0.114372
-7620	0.146127
-7560	0.112345
-7500	0.188925
-7440	0.160428
-7380	0.127178
-7320	0.115234
-7260	0.137162
-7200	0.113138
-7140	0.154154
-7080	0.115586
-7020	0.173836
-6960	0.106777
-6900	0.146180
-6840	0.098863
-6780	0.135629
-6720	0.087823
-6660	0.135455
-6600	0.135452
-6540	0.127528
-6480	0.105102
-6420	0.106285
-6360	0.145024
-6300	0.111798
-6240	0.131695
-6180	0.140016
-6120	0.142030
-6060	0.085861
-6000	0.169054
-5940	0.105209
-5880	0.117205
-5820	0.160091
-5760	0.121035
-5700	0.116188
-5640	0.122288
-5580	0.145450
-5520	0.134417
-5460	0.152099
-5400	0.122787
-5340	0.102085
-5280	0.150898
-5220	0.124688
-5160	0.097501
-5100	0.141667
-5040	0.137370
-4980	0.104674
-4920	0.142987
-4860	0.184626
-4800	0.118940
-4740	0.121879
-4680	0.144201
-4620	0.128615
-4560	0.139279
-4500	0.108187
-4440	0.113798
-4380	0.120801
-4320	0.140017
-4260	0.162902
-4200	0.134336
-4140	0.062328
-4080	0.104702
-4020	0.141282
-3960	0.113288
-3900	0.108574
-3840	0.114820
-3780	0.105652
-3720	0.140457
-3660	0.124871
-3600	0.151441
-3540	0.123295
-3480	0.134187
-3420	0.135206
-3360	0.103234
-3300	0.124735
-3240	0.140569
-3180	0.110419
-3120	0.127412
-3060	0.166019
-3000	0.099686
-2940	0.129385
-2880	0.121551
-2820	0.150075
-2760	0.136188
-2700	0.153528
-2640	0.144017
-2580	0.127998
-2520	0.119263
-2460	0.161662
-2400	0.131648
-2340	0.147415
-2280	0.158048
-2220	0.142019
-2160	0.163958
-2100	0.138781
-2040	0.118534
-1980	0.137008
-1920	0.149963
-1860	0.145567
-1800	0.145098
-1740	0.156773
-1680	0.138474
-1620	0.153712
-1560	0.127243
-1500	0.163318
-1440	0.158089
-1380	0.164734
-1320	0.156161
-1260	0.134114
-1200	0.133093
-1140	0.116577
-1080	0.131240
-1020	0.145397
-960	0.132842
-900	0.116976
-840	0.130979
-780	0.165222
-720	0.171920
-660	0.162799
-600	0.176372
-540	0.149205
-480	0.166285
-420	0.170795
-360	0.159176
-300	0.154819
-240	0.187975
-180	0.173632
-120	0.199290
-60	0.176227
0	0.171581
60	0.176233
120	0.165814
180	0.172251
240	0.172998
300	0.155100
360	0.164640
420	0.156093
480	0.142129
540	0.158850
600	0.147108
660	0.162733
720	0.170427
780	0.146905
840	0.128010
900	0.126975
960	0.161945
1020	0.159549
1080	0.134376
1140	0.171893
1200	0.151867
1260	0.121950
1320	0.137521
1380	0.135137
1440	0.144923
1500	0.160675
1560	0.149755
1620	0.177675
1680	0.143546
1740	0.160115
1800	0.184755
1860	0.127867
1920	0.162938
1980	0.130417
2040	0.139498
2100	0.139179
2160	0.138635
2220	0.136013
2280	0.165832
2340	0.131116
2400	0.137355
2460	0.136381
2520	0.167330
2580	0.144145
2640	0.155876
2700	0.126862
2760	0.120341
2820	0.136570
2880	0.138648
2940	0.122960
3000	0.113712
3060	0.139103
3120	0.145793
3180	0.116182
3240	0.140553
3300	0.145574
3360	0.137308
3420	0.110839
3480	0.141798
3540	0.105638
3600	0.148592
3660	0.155251
3720	0.149807
3780	0.156064
3840	0.164582
3900	0.145164
3960	0.126348
4020	0.135783
4080	0.122569
4140	0.145943
4200	0.136193
4260	0.146597
4320	0.128433
4380	0.144384
4440	0.144234
4500	0.133727
4560	0.124752
4620	0.126935
4680	0.164753
4740	0.127384
4800	0.137072
4860	0.117301
4920	0.144568
4980	0.141846
5040	0.131588
5100	0.175683
5160	0.142863
5220	0.128473
5280	0.148350
5340	0.137452
5400	0.113232
5460	0.186660
5520	0.153691
5580	0.140206
5640	0.151252
5700	0.114377
5760	0.148827
5820	0.112472
5880	0.136274
5940	0.130785
6000	0.158802
6060	0.135017
6120	0.088916
6180	0.094471
6240	0.138186
6300	0.152088
6360	0.112382
6420	0.116324
6480	0.150051
6540	0.101544
6600	0.101337
6660	0.104660
6720	0.099817
6780	0.112317
6840	0.174961
6900	0.095345
6960	0.153525
7020	0.155007
7080	0.120700
7140	0.099648
7200	0.134622
7260	0.167785
7320	0.118165
7380	0.104419
7440	0.144011
7500	0.135081
7560	0.117517
7620	0.135277
7680	0.131471
7740	0.100312
7800	0.139798
7860	0.186722
7920	0.111401
7980	0.124877
8040	0.171540
8100	0.146534
8160	0.162319
8220	0.149349
8280	0.133409
8340	0.133477
8400	0.139809
8460	0.119793
8520	0.135603
8580	0.138121
8640	0.126505
8700	0.123091
8760	0.158121
8820	0.154647
8880	0.112785
8940	0.169637
9000	0.151458
9060	0.141814
9120	0.155526
9180	0.113358
9240	0.166868
9300	0.160815
9360	0.123551
9420	0.103642
9480	0.155531
9540	0.114200
9600	0.075487
9660	0.105659
9720	0.127979
9780	0.121309
9840	0.127652
9900	0.111696
9960	0.107586
10020	0.132786
10080	0.136805
10140	0.166644
10200	0.096995
10260	0.102120
10320	0.111264
10380	0.120908
10440	0.158598
10500	0.134524
10560	0.141592
10620	0.132885
10680	0.186987
10740	0.153601
10800	0.160936
10860	0.127602
10920	0.135607
10980	0.145481
11040	0.146217
11100	0.099969
11160	0.098710
11220	0.153494
11280	0.138441
11340	0.123572
11400	0.141519
11460	0.089688
11520	0.080926
11580	0.160230
11640	0.114732
11700	0.147008
11760	0.143861
11820	0.117170
11880	0.217255
11940	0.117981
12000	0.127558
12060	0.117573
12120	0.090621
12180	0.166810
12240	0.093418
12300	0.124355
12360	0.129973
12420	0.166408
12480	0.126259
12540	0.124867
12600	0.110232
12660	0.139280
12720	0.087461
12780	0.078204
12840	0.150983
12900	0.179983
12960	0.125040
13020	0.127730
13080	0.104778
13140	0.133616
13200	0.136681
13260	0.045456
13320	0.168843
13380	0.136526
13440	0.107862
13500	0.142684
13560	0.173460
13620	0.113619
13680	0.160861
13740	0.165980
13800	0.122627
13860	0.075953
13920	0.102521
13980	0.119030
14040	0.160643
14100	0.128933
14160	0.125941
14220	0.154884
14280	0.116508
14340	0.106627
14400	0.077440
14460	0.127324
14520	0.157221
14580	0.150870
14640	0.079185
14700	0.123389
14760	0.143369
14820	0.113193
14880	0.158827
14940	0.077894
15000	0.139844
15060	0.099104
15120	0.108291
15180	0.122464
15240	0.079904
15300	0.092426
15360	0.105027
15420	0.106337
15480	0.122761
15540	0.147005
15600	0.127118
15660	0.109935
15720	0.096029
15780	0.108177
15840	0.122665
15900	0.125882
15960	0.064481
16020	0.136174
16080	0.141431
16140	0.142674
16200	0.145202
16260	0.110584
16320	0.095494
16380	0.165034
16440	0.113248
16500	0.140206
16560	0.098546
16620	0.106998
16680	0.140732
16740	0.120248
16800	0.148091
16860	0.106063
16920	0.104095
16980	0.075667
17040	0.092263
17100	0.100413
17160	0.139466
17220	0.133651
17280	0.143838
17340	0.099089
17400	0.115891
17460	0.116956
17520	0.093693
17580	0.108532
17640	0.064614
17700	0.103067
17760	0.098587
17820	0.172624
17880	0.060176
17940	0.157949
18000	0.155002
18060	0.149959
18120	0.121379
18180	0.135783
18240	0.126881
18300	0.137212
18360	0.071836
18420	0.122636
18480	0.059896
18540	0.150973
18600	0.096560
18660	0.138189
18720	0.127082
18780	0.091662
18840	0.098627
18900	0.151607
18960	0.108473
19020	0.158632
19080	0.114619
19140	0.082489
19200	0.144954
19260	0.107970
19320	0.106118
19380	0.077468
19440	0.085902
19500	0.163393
19560	0.131898
19620	0.164969
19680	0.127132
19740	0.136041
19800	0.144506
19860	0.080959
19920	0.139894
19980	0.130163
20040	0.122101
20100	0.071056
20160	0.123282
20220	0.102868
20280	0.105201
20340	0.186825
20400	0.096642
20460	0.142464
20520	0.153618
20580	0.149727
20640	0.122944
20700	0.085523
20760	0.078508
20820	0.140641
20880	0.156948
20940	0.095380
21000	0.155856
21060	0.119548
21120	0.092342
21180	0.090414
21240	0.069912
21300	0.114938
21360	0.149781
21420	0.153369
21480	0.131646
21540	0.127624
