start	mean
-21600	0.121639
-21540	0.074614
-21480	-0.016030
-21420	0.164262
-21360	-0.046884
-21300	0.083956
-21240	-0.077333
-21180	-0.099371
-21120	0.066692
-21060	0.053124
-21000	0.132194
-20940	0.050583
-20880	0.034047
-20820	0.140148
-20760	0.204224
-20700	0.078681
-20640	0.162390
-20580	0.053912
-20520	0.105314
-20460	0.014128
-20400	0.098915
-20340	0.050127
-20280	-0.136923
-20220	0.043932
-20160	0.092274
-20100	0.055612
-20040	0.090428
-19980	0.199022
-19920	0.060593
-19860	0.086264
-19800	0.073108
-19740	0.073911
-19680	0.126007
-19620	0.156784
-19560	0.003477
-19500	0.119637
-19440	0.190473
-19380	0.000271
-19320	0.070095
-19260	0.041576
-19200	0.171700
-19140	0.129926
-19080	0.169450
-19020	0.153012
-18960	0.150861
-18900	0.046643
-18840	0.103642
-18780	0.197720
-18720	0.021961
-18660	0.188071
-18600	0.105308
-18540	0.168711
-18480	0.178911
-18420	0.167382
-18360	0.122211
-18300	0.137098
-18240	-0.012598
-18180	0.194728
-18120	0.165848
-18060	0.229944
-18000	0.105052
-17940	0.090434
-17880	0.031525
-17820	0.105714
-17760	0.247015
-17700	0.102925
-17640	0.072051
-17580	0.030251
-17520	0.168097
-17460	0.040879
-17400	0.032807
-17340	0.209213
-17280	0.142927
-17220	0.138644
-17160	0.119617
-17100	0.006232
-17040	0.196555
-16980	-0.026952
-16920	0.164509
-16860	0.147045
-16800	0.064505
-16740	0.102123
-16680	0.157468
-16620	0.216735
-16560	-0.001905
-16500	0.052346
-16440	0.078435
-16380	0.225303
-16320	0.115194
-16260	0.064961
-16200	0.149719
-16140	0.186700
-16080	0.064820
-16020	0.031600
-15960	0.081960
-15900	0.094619
-15840	-0.029742
-15780	0.084817
-15720	0.108703
-15660	0.154428
-15600	0.089758
-15540	0.201924
-15480	-0.009984
-15420	0.080509
-15360	0.097122
-15300	0.205467
-15240	0.015461
-15180	0.067319
-15120	0.122976
-15060	0.077192
-15000	-0.004957
-14940	0.074789
-14880	0.282172
-14820	0.105973
-14760	0.164889
-14700	0.258703
-14640	0.129908
-14580	0.036109
-14520	0.026039
-14460	0.179324
-14400	0.044532
-14340	-0.074268
-14280	0.057527
-14220	0.082851
-14160	0.037535
-14100	0.237246
-14040	0.039588
-13980	0.137356
-13920	-0.009208
-13860	0.203294
-13800	0.121258
-13740	0.082867
-13680	0.008854
-13620	0.162280
-13560	0.099382
-13500	0.059790
-13440	0.144416
-13380	0.018164
-13320	0.085717
-13260	0.191851
-13200	0.046066
-13140	0.109827
-13080	0.080996
-13020	0.051295
-12960	0.132168
-12900	0.036878
-12840	0.031822
-12780	0.097983
-12720	0.074209
-12660	0.070753
-12600	0.135460
-12540	0.077939
-12480	0.000344
-12420	0.119610
-12360	0.077961
-12300	0.212051
-12240	0.187828
-12180	0.161594
-12120	-0.008073
-12060	0.125303
-12000	0.117584
-11940	0.167580
-11880	0.099525
-11820	0.109387
-11760	0.076893
-11700	0.097371
-11640	0.098459
-11580	0.115043
-11520	0.121150
-11460	0.037649
-11400	0.169656
-11340	0.139404
-11280	0.047629
-11220	0.136124
-11160	0.176536
-11100	-0.018376
-11040	0.113303
-10980	0.130026
-10920	0.123223
-10860	0.102896
-10800	0.139683
-10740	0.139756
-10680	0.078730
-10620	0.031060
-10560	0.159208
-10500	0.115765
-10440	0.143090
-10380	0.069124
-10320	0.071504
-10260	0.181676
-10200	0.171787
-10140	0.108522
-10080	0.140713
-10020	0.189033
-9960	0.091426
-9900	0.223774
-9840	-0.019855
-9780	0.014363
-9720	-0.012448
-9660	0.138427
-9600	0.117687
-9540	0.077397
-9480	0.128491
-9420	0.135717
-9360	0.034616
-9300	0.011555
-9240	0.137753
-9180	0.090680
-9120	0.087080
-9060	-0.004174
-9000	0.022495
-8940	0.121171
-8880	0.067928
-8820	0.080729
-8760	0.128062
-8700	0.100247
-8640	0.129828
-8580	0.132602
-8520	0.048202
-8460	0.150543
-8400	0.106071
-8340	0.037347
-8280	0.181961
-8220	0.034524
-8160	0.081622
-8100	0.086763
-8040	0.126142
-7980	0.166424
-7920	0.186932
-7860	0.079041
-7800	0.029617
-7740	0.090626
-7680	0.106121
-7620	-0.002346
-7560	0.081973
-7500	0.103986
-7440	0.107290
-7380	0.064329
-7320	-0.010057
-7260	0.133666
-7200	0.085692
-7140	0.085709
-7080	0.005567
-7020	0.058998
-6960	0.099683
-6900	0.053258
-6840	0.163603
-6780	0.039825
-6720	0.035136
-6660	0.021643
-6600	0.049588
-6540	0.051108
-6480	0.018971
-6420	0.058382
-6360	0.122745
-6300	0.089605
-6240	0.124244
-6180	0.121707
-6120	0.058778
-6060	0.022058
-6000	0.063816
-5940	0.113542
-5880	0.151252
-5820	0.103706
-5760	0.081852
-5700	0.094618
-5640	0.136673
-5580	0.101361
-5520	0.102942
-5460	0.089628
-5400	0.178256
-5340	0.039014
-5280	0.058579
-5220	0.099042
-5160	0.185409
-5100	0.032900
-5040	0.063146
-4980	0.083085
-4920	0.108603
-4860	0.011734
-4800	0.069603
-4740	0.112451
-4680	0.071278
-4620	0.170547
-4560	0.032554
-4500	0.035114
-4440	0.132845
-4380	0.075445
-4320	0.078471
-4260	0.035146
-4200	0.072844
-4140	0.068498
-4080	0.069908
-4020	0.224601
-3960	0.059901
-3900	0.007777
-3840	0.092471
-3780	0.085141
-3720	-0.006996
-3660	0.175617
-3600	0.083539
-3540	0.054724
-3480	0.079278
-3420	0.031582
-3360	0.041100
-3300	0.065520
-3240	0.137136
-3180	0.124869
-3120	0.096167
-3060	0.121851
-3000	0.090072
-2940	0.116665
-2880	0.021585
-2820	0.142633
-2760	0.110153
-2700	0.087605
-2640	0.069069
-2580	0.107928
-2520	0.120000
-2460	0.093549
-2400	0.084743
-2340	0.075722
-2280	0.101121
-2220	0.127968
-2160	-0.000957
-2100	0.069599
-2040	0.061892
-1980	0.077662
-1920	0.037461
-1860	0.105526
-1800	0.116429
-1740	0.157417
-1680	0.096002
-1620	0.089765
-1560	0.088094
-1500	0.095838
-1440	0.095651
-1380	0.099174
-1320	0.120453
-1260	0.122377
-1200	0.074048
-1140	0.065596
-1080	0.092718
-1020	0.094069
-960	0.104016
-900	0.017917
-840	0.159286
-780	0.028084
-720	0.078360
-660	0.051802
-600	0.123055
-540	0.087039
-480	0.047364
-420	0.081702
-360	0.108059
-300	0.076411
-240	0.016466
-180	0.095110
-120	0.133957
-60	-0.011529
0	0.067279
60	0.091091
120	0.057563
180	0.090896
240	0.067899
300	0.132529
360	0.034402
420	0.109436
480	0.104421
540	0.067477
600	0.098540
660	0.084860
720	0.132974
780	0.076506
840	0.104351
900	0.092891
960	0.085651
1020	0.100802
1080	0.141928
1140	0.125849
1200	0.115442
1260	0.065846
1320	0.086845
1380	0.099904
1440	0.091403
1500	0.109639
1560	0.045992
1620	0.063437
1680	0.130969
1740	0.140150
1800	0.006814
1860	0.173200
1920	0.148641
1980	0.091489
2040	0.161748
2100	0.117800
2160	0.092105
2220	0.218475
2280	0.090122
2340	0.077958
2400	0.026302
2460	0.174335
2520	0.175325
2580	0.151530
2640	-0.019643
2700	0.133237
2760	0.063251
2820	0.174150
2880	0.110708
2940	0.060840
3000	0.056464
3060	0.055060
3120	0.024396
3180	0.060020
3240	0.084896
3300	0.090107
3360	0.170635
3420	0.122739
3480	0.104379
3540	0.086684
3600	0.246286
3660	0.060821
3720	0.094958
3780	0.139456
3840	0.081474
3900	0.106852
3960	-0.018651
4020	0.125676
4080	0.134327
4140	0.054305
4200	0.018390
4260	0.079167
4320	0.185959
4380	0.036042
4440	0.154655
4500	0.085560
4560	0.179389
4620	0.026307
4680	0.107169
4740	-0.015733
4800	0.101003
4860	0.044446
4920	0.170003
4980	0.074965
5040	0.036597
5100	-0.020336
5160	0.080094
5220	0.202455
5280	0.109067
5340	0.014497
5400	0.049808
5460	0.143638
5520	-0.002223
5580	0.121454
5640	0.029171
5700	0.286693
5760	0.276025
5820	0.202511
5880	0.150868
5940	0.033052
6000	0.149070
6060	0.209757
6120	0.032483
6180	0.052243
6240	0.036836
6300	0.213767
6360	0.067314
6420	0.109557
6480	0.120888
6540	0.163158
6600	0.106308
6660	0.134321
6720	0.106610
6780	0.140531
6840	0.079218
6900	0.236576
6960	-0.097855
7020	0.040100
7080	0.091772
7140	0.155792
7200	-0.002015
7260	0.129957
7320	0.108567
7380	0.071480
7440	0.061630
7500	0.096465
7560	0.020530
7620	0.156504
7680	0.132679
7740	0.070761
7800	0.023904
7860	0.144273
7920	0.094662
7980	0.269576
8040	0.111907
8100	0.116619
8160	0.188314
8220	0.241792
8280	0.273626
8340	0.072804
8400	-0.002586
8460	0.112024
8520	0.218900
8580	0.031295
8640	0.164030
8700	0.205138
8760	0.162674
8820	0.158290
8880	0.152000
8940	0.104419
9000	0.186368
9060	0.173939
9120	0.097405
9180	0.176656
9240	0.051291
9300	0.077233
9360	0.103679
9420	0.184497
9480	0.178841
9540	0.038588
9600	0.158116
9660	0.052319
9720	0.090965
9780	0.138760
9840	0.145671
9900	-0.068753
9960	0.209731
10020	0.186959
10080	-0.038522
10140	0.043883
10200	0.213012
10260	0.197422
10320	0.040688
10380	0.111937
10440	0.191300
10500	-0.053569
10560	0.260136
10620	0.074695
10680	0.096994
10740	0.096112
10800	0.254538
10860	-0.006770
10920	0.005300
10980	0.097456
11040	0.027263
11100	0.198980
11160	0.052536
11220	-0.048469
11280	0.181026
11340	0.111135
11400	0.064404
11460	0.014750
11520	0.049345
11580	0.178226
11640	0.073760
11700	0.129029
11760	0.281400
11820	0.063363
11880	0.053600
11940	0.064411
12000	0.045319
12060	0.150019
12120	0.007429
12180	0.138828
12240	-0.006159
12300	0.040635
12360	0.114693
12420	0.099941
12480	0.302948
12540	0.191719
12600	-0.003500
12660	0.015629
12720	0.104407
12780	0.019081
12840	0.043976
12900	0.063429
12960	0.079620
13020	0.040852
13080	0.082577
13140	0.000850
13200	0.084963
13260	0.103773
13320	0.137452
13380	0.348253
13440	0.061864
13500	0.114862
13560	0.084257
13620	0.100450
13680	0.169367
13740	-0.012935
13800	0.090300
13860	0.308740
13920	0.146353
13980	-0.082217
14040	0.093105
14100	0.079781
14160	0.040700
14220	0.013895
14280	-0.096200
14340	0.041518
14400	-0.048547
14460	0.197511
14520	0.279315
14580	0.132100
14640	-0.006139
14700	0.042100
14760	0.100529
14820	0.208706
14880	0.110762
14940	0.177431
15000	0.138610
15060	0.013765
15120	0.078713
15180	0.086258
15240	0.083793
15300	0.106271
15360	0.027748
15420	0.083862
15480	0.102281
15540	0.056150
15600	0.186496
15660	-0.002653
15720	0.183794
15780	0.007027
15840	0.103594
15900	0.083829
15960	-0.075241
16020	0.121011
16080	0.285255
16140	0.022307
16200	0.118112
16260	0.137386
16320	0.071900
16380	0.092245
16440	0.218783
16500	0.209717
16560	0.055429
16620	0.120094
16680	0.133150
16740	0.118064
16800	0.092256
16860	0.299647
16920	-0.062829
16980	0.204058
17040	0.135467
17100	0.149689
17160	0.110176
17220	0.219500
17280	0.131207
17340	0.170839
17400	-0.021783
17460	-0.030524
17520	0.068952
17580	-0.067111
17640	0.057235
17700	-0.191833
17760	0.061192
17820	0.102152
17880	0.050307
17940	0.050955
18000	0.071635
18060	0.232952
18120	0.229027
18180	0.248419
18240	0.139790
18300	0.307331
18360	-0.006469
18420	0.043400
18480	0.088311
18540	0.132879
18600	0.047761
18660	-0.053218
18720	0.119767
18780	0.058817
18840	-0.077567
18900	-0.025015
18960	0.098544
19020	-0.031787
19080	-0.013663
19140	0.042543
19200	-0.170342
19260	0.273941
19320	0.189983
19380	0.247371
19440	0.021962
19500	0.051689
19560	0.180067
19620	0.155733
19680	-0.076406
19740	0.063926
19800	0.066164
19860	0.139667
19920	0.258258
19980	0.130044
20040	0.116170
20100	0.158050
20160	-0.070233
20220	0.107500
20280	0.186141
20340	0.176757
20400	0.150047
20460	0.186433
20520	0.122148
20580	-0.009283
20640	0.182188
20700	0.070359
20760	-0.004558
20820	0.208385
20880	0.073757
20940	0.115886
21000	0.105945
21060	0.155645
21120	-0.022279
21180	0.197800
21240	-0.100682
21300	0.150338
21360	-0.098450
21420	0.138608
21480	0.285250
21540	-0.025293
