33292351	0.928737
117449243	1.695581
60555388	0.857538
85065860	1.779253
127795374	1.283293
155320522	1.050782
169607467	1.603646
169607467	1.085873
70779181	1.286185
15335727	0.907550
43254119	0.707107
61079963	-0.938673
84935088	-0.327546
116392388	-0.449618
142737868	1.553298
52644860	1.126044
42074667	3.736866
223062801	-0.181518
43647611	1.076689
23855745	1.283710
5505672	-0.707107
35214799	-0.707107
44303080	0.738262
76153579	1.316793
63570713	-1.000000
102761252	-0.927629
93760305	1.198689
108266380	1.405257
108266380	1.293125
75169944	-0.011812
59769859	1.305555
30234115	1.000000
128189461	2.459075
236061725	0.619709
41682001	1.129834
292291696	-0.745303
23200891	-1.000000
68310552	1.467327
131597471	1.408142
258737335	0.495993
116917433	-0.577350
61080822	1.722087
43517217	2.022570
59637979	0.891517
147719472	-1.000000
1443131	1.000000
108528966	0.860873
36963674	-1.000000
122553701	0.913116
122553701	1.698436
18089355	1.000000
29492625	0.282863
29492625	0.577350
91907753	-0.444026
81790518	1.009224
23332509	-0.225224
343672524	0.965866
24903971	1.000000
47449833	-0.434530
295569168	1.726440
34080531	1.697461
115725316	-0.769032
76815618	0.665953
32860535	1.545268
32860535	0.456549
32860535	1.597274
36702033	0.942520
14992191	-0.260113
69207940	-0.707107
108267445	-0.703197
36177857	1.676234
36177857	2.126502
131336131	1.031020
62130129	1.305330
65406959	1.275495
55969784	0.829816
62130245	1.295515
117966945	1.337692
29362280	0.224129
22022262	0.770644
14682253	1.399976
232392968	0.981079
63965500	1.314330
28182845	0.299779
53872960	-1.816883
53872960	0.909265
27134317	0.311876
203426174	1.114460
23071113	-1.402859
45615522	2.000000
18352591	-1.000000
26085868	-0.748777
20449778	-1.000000
101452300	1.059926
26085922	1.000000
62130740	-0.500000
94767691	1.635150
39455327	-0.894843
25168499	0.707107
206703254	-0.353553
206703254	1.351188
206703254	0.213856
72526976	1.000000
171707174	-0.887181
154405695	1.117547
154405695	0.629795
18090863	1.982005
85068656	-0.577350
87559029	0.707107
298453896	0.408248
298453896	1.533072
87359997	1.827047
134089758	0.199225
31938397	1.000000
31938397	1.000000
27135024	-0.913098
21630005	1.221193
14814287	1.368841
14814287	-0.707107
61476055	0.577350
86904047	-0.124996
21630203	0.644676
47713574	0.854469
77598008	1.579422
58723642	1.000000
93178257	2.273285
42732881	1.156894
222956891	1.702590
173018550	2.221621
33426874	1.514408
71831010	2.645751
39849464	0.943015
85986844	-0.389454
33689161	0.881569
36572747	0.982949
25693796	1.285352
20844179	0.500000
67607933	2.266787
75239163	-0.270807
72093489	-1.628866
28708795	0.931688
17826467	1.115793
174460886	0.809396
174460886	-0.724702
19664868	1.284510
19533884	0.914119
23559819	0.975732
74624354	-0.145412
74624354	0.138024
27791443	0.707107
17043542	1.009253
30412999	1.667031
23728390	0.653832
39719184	1.000000
100798748	1.820266
31330621	1.000000
230560075	1.235876
30431290	-0.391724
35393886	-0.400896
228987263	1.214984
7344552	0.114808
19230227	1.253496
23335352	-1.192654
6689222	1.056396
54137337	1.233670
83774707	1.023083
29889106	-0.659048
29889106	0.289191
23073451	0.001486
136844002	1.139934
136844002	1.660820
110236436	1.246132
69163150	1.835599
114037603	-1.052438
277615479	0.962013
74089902	0.893272
63706024	0.340201
63706024	1.544745
63706024	1.171868
63706024	0.901641
30938093	-0.967353
97431037	1.271995
15511041	-1.161467
74322971	1.000000
52040756	1.104820
52040756	1.265706
22418562	1.367458
25826450	1.440413
26481814	-0.465857
26481814	-1.082536
19666099	-0.866834
88216756	-0.500000
36312271	1.435177
61495503	1.285594
106435824	-0.577350
16472275	1.667259
111940852	1.414947
111940852	2.374856
29758713	1.041031
29365523	1.414085
29365523	1.360084
101586203	1.056844
58196872	-0.038636
22943100	1.591997
136713621	3.453898
90265840	1.506883
164763059	1.000000
33297874	1.871876
95819245	1.252781
14554675	1.000000
35133007	1.577395
100537964	1.000000
17962608	1.363057
52041360	1.622579
17962646	1.000000
21632733	1.000843
28710635	1.414214
154539769	0.825894
154539769	1.165648
154539769	1.935254
16127744	1.000000
31594299	1.262401
31594299	-1.577994
19011398	0.827276
78950032	0.539575
27531130	0.577350
22419350	0.333333
46815559	1.975058
77115038	2.791615
131340246	1.131208
131340246	1.779846
53614576	0.857700
137238532	-0.527670
137238532	0.855100
137238532	1.372257
137238532	1.303203
137238532	-0.202065
37230646	1.037443
47847487	1.272295
277400388	1.136512
30546020	0.707107
98965707	0.893807
16783634	2.301739
17307967	1.000000
17307967	-1.000000
24428437	0.935990
110369167	0.786976
148380138	-0.256439
16259568	1.649160
317200885	1.000000
69212676	2.693670
20584999	0.546319
73821719	2.076358
61610538	0.707107
158489012	1.602549
25958979	1.414214
33954392	1.085320
160832099	1.985442
47061631	1.107184
47061631	-0.221826
47061631	1.277225
63707839	3.051087
94771917	-0.577350
127408870	-0.581117
8002282	-1.379680
137894637	1.679631
137894637	-0.376980
110145321	0.499292
55188230	-0.233603
114694952	3.022110
213429642	1.757923
171449323	2.207036
171449323	2.227377
221780985	-1.000000
105389166	2.449490
72068969	0.782008
33883333	0.532665
57941168	1.016828
141565112	1.166448
68426953	1.000000
22944972	1.370559
49159375	1.070057
44178688	0.558357
90053901	1.191872
58393818	2.828427
57679136	2.141316
167205424	2.011268
23600431	2.000000
29367642	0.893058
176823684	1.444040
19799463	-0.149487
19799463	1.472599
32906757	1.474083
54140435	2.158452
118496806	1.303796
50994799	1.416264
115781568	1.607545
67509904	1.000000
148905646	0.197794
14294723	1.254599
58466009	-0.498171
20193015	1.760003
101064487	0.843681
227549076	1.000000
32315179	0.922491
78127052	1.435577
39854090	-0.856822
42082316	1.465666
83731959	-0.206612
50879183	0.260452
107225413	0.998272
33562956	1.235736
20586936	1.000000
82190791	1.514710
124789209	1.466193
52961763	1.000000
34087408	1.018960
183902705	0.873425
124920338	-0.739037
69739041	1.182115
100147768	-0.005277
100147768	-1.079523
100147768	-0.707107
100147768	1.786164
75506251	-0.775639
252191316	0.326323
252191316	-1.687495
26878555	-0.239862
43517373	-1.000000
78258840	1.968498
153363140	2.605791
92283597	1.475328
46146270	1.045685
124396257	1.414214
155591421	-0.577350
315630408	0.830440
142091116	1.813941
19276657	0.120324
46146532	-1.562110
46146532	1.035843
167257063	0.707107
55969289	1.361124
23602368	1.000000
110634184	-0.280191
36054364	0.461013
34874791	-1.223942
34036637	1.321573
106046907	1.000000
31180455	0.940396
31180455	1.176211
31180455	1.512152
61744592	1.217373
112338414	0.989482
36840943	1.451886
58205707	1.649704
250226370	-1.306482
171452112	0.689341
47982335	1.000000
205399812	-1.000000
36841243	-1.000000
25044780	1.297662
30156595	1.000000
53880644	1.000000
21505921	-0.377964
64628760	0.994595
39623	0.753611
39200822	1.021900
39200822	-1.986533
116926551	0.427413
100935794	-0.490715
71051395	1.475199
177516922	2.345208
24127829	1.561751
45492591	-0.213023
168044954	1.742303
231352745	2.266806
303573429	-0.381221
105130434	-1.000000
128854542	0.938322
200944197	-0.353350
69226018	-1.000000
69226018	-1.170311
20327056	-0.905156
14244975	-1.000000
22162125	0.899404
28846835	-0.473122
130165527	0.366633
130165527	-0.707107
49425189	1.370361
47983477	-0.781552
43133865	-0.956050
22424530	-1.000000
41954304	2.034095
14298148	0.707107
52440119	1.000000
122597900	1.540607
18623602	1.000000
14429310	-1.000000
95399140	1.441977
149826738	1.149436
59649210	1.000000
33828027	-1.000000
15609039	-0.577350
15609039	-0.754115
62532888	0.711554
172633385	1.388457
172633385	0.113239
172633385	1.130469
13698952	-1.000000
30813644	1.477868
74669305	1.414214
15949055	1.453757
139079208	-0.855445
24260208	-0.465019
67120753	1.000000
67120753	0.517240
95170226	1.733762
102510294	-1.384120
35663575	1.000000
46411497	2.028071
147336962	1.000000
70791027	0.180462
235679656	1.267149
50606078	-1.000000
18078252	-1.000000
73817434	1.185257
73817434	2.081645
73817434	2.644775
220606546	1.667543
63058157	0.577350
147075338	1.398628
24272266	1.319665
107884906	1.996444
169357701	1.252647
202650037	-0.707107
233550588	1.429464
22950409	-1.000000
66127966	1.947591
37237318	0.607726
16527964	0.226182
45840988	0.826241
94122669	0.816770
61354698	1.590048
66990853	1.332426
16790327	-0.500000
25047885	1.491781
14704104	1.000000
15381310	0.417168
246559646	0.176777
40121298	1.727004
40121298	1.060007
40121298	0.930565
125187032	-0.077578
26304023	-1.000000
91184665	1.026380
65025232	0.880338
24786169	0.966163
30422323	-1.000000
40514879	1.261543
121779559	1.381036
66991604	1.000000
19805689	0.469831
256390652	1.100045
27145731	1.296087
60962428	-0.877026
312358533	-0.059964
44840592	-0.393079
66390302	-0.012718
52538101	2.565204
30301824	1.615789
114308973	1.192679
53622642	0.662385
34801990	-0.460711
26097588	-1.162829
238041054	1.885463
40122365	1.000000
29505534	1.000000
98580510	0.973122
168310851	2.397967
168310851	-0.153755
98842743	1.484089
21674689	-1.331410
21039466	-1.414214
36321467	1.484590
162019528	-1.000000
96624342	-0.863915
23083274	-1.000000
14432526	-0.998950
26884397	1.000000
18626872	1.044449
14825806	-1.000000
32520578	1.466196
25966998	0.495409
108149147	1.606899
22428068	1.000000
15481277	1.000000
196622827	1.811569
196622827	1.543357
275397109	0.120920
50346496	1.819571
32913945	2.532087
79164999	0.707107
107887209	-0.111689
18233979	1.942426
62667390	1.868321
15743645	0.969568
193505873	0.757857
53754615	1.000000
27671288	-0.443811
132266747	2.589427
44435933	0.011449
42613665	0.223429
39336866	0.174078
93731766	1.755759
18627511	-1.000000
20755617	1.767940
225721326	1.833450
13000552	1.243522
135937139	1.617536
53108585	1.000000
21249174	1.000000
61868569	-0.570262
190201032	-0.373507
190201032	0.631058
14171342	-0.400235
14171342	1.000000
22166746	1.837668
61278775	1.340253
175652190	-0.517315
22429037	1.000000
23477650	1.180885
43793827	1.000000
70794663	1.463107
70794663	-0.182205
70794663	1.000000
77217218	2.238575
213794266	1.097838
78659091	0.321066
48215302	1.281761
28851766	-1.000000
78790277	0.596887
20996034	1.444835
98162959	0.266384
28851920	1.000000
191512276	1.289871
84557580	0.130958
165262638	1.000000
43925346	0.010558
21804347	0.697637
77348716	-1.028244
46940041	0.707107
72398151	0.902107
27017143	2.109102
67868834	0.077140
18008962	1.315707
19808305	1.615720
19808305	-0.707107
16793676	0.647275
40254519	1.500510
38551672	-1.000000
231227513	1.431062
23216263	-1.000000
111204745	0.003291
29376692	1.570566
48382182	-0.469399
92946670	-0.624285
27017465	1.830490
81507725	1.181645
217596286	2.957063
137773501	2.513525
20070858	1.199959
38814201	1.000000
18629121	1.000000
21512714	0.213646
54018589	-0.344823
27542089	1.280748
20726350	-0.379283
35537554	0.666312
89801377	-0.165429
68305628	-1.414214
87020376	1.000000
24527604	-1.000000
24789864	-1.301492
32129898	1.202201
152716237	1.366900
48382929	1.133434
25052167	1.372297
25052167	1.367825
45368340	1.134609
45368340	1.490360
69485601	1.783556
72136198	-0.948499
57084771	1.832389
49198613	1.410656
33164139	1.272017
59131062	1.074052
28198092	1.000000
15877456	-0.527120
15877456	1.360259
13256032	1.411683
35669404	1.134912
20202923	-0.072809
91555136	1.000000
91555136	-1.000000
78267825	-0.584968
24376679	-1.606338
113001977	-0.323921
159131009	0.685581
175785561	-0.500000
120771241	0.958271
146032270	-1.000000
161498778	1.363621
48645861	1.703705
72900912	1.368819
16452576	1.000000
17975139	-1.000000
22955881	1.942990
68175754	-1.266889
71808665	-0.447214
165955485	2.597905
135153659	1.000000
30689293	1.401794
53758008	-0.022370
66078871	1.501901
104745225	1.000000
104745225	1.422727
63966253	0.148548
69536752	1.802708
26888563	0.591868
18106808	-1.000000
50088384	1.087822
61098454	1.366603
61098454	0.373676
201869824	0.773180
18500111	1.338077
20990485	1.177336
83511948	1.414214
59787921	1.135180
108153496	0.417920
132364059	1.028199
159386738	0.513732
42164681	-0.943767
42224371	1.243338
34884413	0.137881
21121912	-0.979131
76527427	0.596007
106711999	0.977116
3558391	-0.921128
92163101	1.879482
17058848	0.782400
17058848	1.000000
47336503	2.236068
215878839	2.534160
42224716	1.112269
157568101	0.282684
30559397	2.299705
30821556	1.496950
194268403	2.290311
102386966	-1.000000
50990297	1.947813
110644583	1.344508
86789491	1.436108
15224232	1.088923
20079175	-0.076237
20079175	-0.542238
31176611	0.994022
30297577	0.765424
37899759	1.000000
97630121	1.091732
19549708	1.148295
16404000	-0.298038
54021722	0.206052
309874269	-0.294650
56250002	0.467562
53366431	0.457572
148262561	0.811423
148262561	1.000000
148262561	1.247181
233328307	1.000000
159534786	1.457276
117591799	-1.000000
57036567	0.779337
26234678	-0.906386
91207649	0.707107
20729689	0.886671
73813851	1.115762
15224784	0.794327
75780053	-0.353553
21778412	0.761773
51138552	1.147168
45502489	-0.679484
65032254	1.681269
20861027	1.000000
21254269	-1.106360
15093906	1.891132
125587618	0.864873
123752657	-1.000000
14443217	-0.770688
52580590	1.000000
34754805	0.305821
67260683	1.000000
109990236	-0.004571
25710999	1.179617
25710999	1.589407
84693482	2.233460
54922679	-0.388380
16142945	-0.648465
71717532	1.000000
59396778	-0.707107
22198386	1.028752
25318071	-0.607908
16274169	1.335809
66212647	0.998875
21313	1.135548
32265065	1.175707
117855088	0.862887
292049883	1.574143
22172672	1.545587
30299230	1.000000
15357066	-0.864422
49173658	1.144358
63067333	1.374427
96490711	1.414214
96490711	-1.981022
50400809	1.000000
22304002	-0.023044
80656607	1.610379
80656607	1.283596
130700637	1.000000
243316965	1.341893
36317901	0.617615
19944847	0.836558
19944847	1.296063
15488441	-0.370669
23090643	-0.500000
232150523	0.861161
34362926	1.024900
34362926	1.041397
137385603	1.755672
118380204	1.835300
34232071	-0.037307
39475034	-0.577350
36198347	1.000000
41179088	1.663319
81942546	1.729393
299522091	1.840160
65034330	1.000000
28203112	-0.108312
46815348	1.244183
18856311	1.387833
87771261	-0.194487
68704497	2.138759
86137134	1.549607
55466287	1.787803
18110838	1.089256
18110838	1.044621
29907333	1.758260
107501961	1.000000
32135590	-1.000000
37378509	-2.041697
43276788	1.000000
71656541	1.327410
30431799	1.870369
18111042	1.000000
17062471	0.792305
19421796	0.587960
267147909	1.932562
61233808	0.934491
17586879	2.047622
17586879	1.806196
678603	1.831542
31905418	0.722723
60690219	1.283892
52714259	1.720212
134764070	2.000000
48913261	1.000000
272784305	-0.084306
156261343	1.667491
36267174	-0.179805
122444832	-0.500000
25189419	-0.315308
28728396	1.102335
58350754	1.431394
56646842	1.496282
17063194	-0.137734
116940067	0.323516
25451866	0.101404
14835073	1.002763
179199373	0.423746
19291538	-0.966567
32660883	1.269784
32660883	1.151195
15621575	-0.952444
71578933	-0.972696
105405957	0.901825
18374176	1.588960
15097438	1.418120
54923196	1.246665
75521671	0.273800
17194639	1.000000
73031326	-1.000000
73031326	1.217802
18594429	1.610415
20209393	-0.242912
159014649	1.000000
32530214	-0.262846
12738352	0.634284
60841798	-1.459246
77487947	1.904843
32661334	1.785473
46817122	0.329302
51666854	1.000000
72507319	1.009624
72507319	0.982366
72507319	1.438160
16539580	0.750311
56385540	0.854408
35545115	1.725863
244080668	1.000000
99639356	1.000000
19947590	0.323189
136077428	0.393600
65429646	0.679373
18112695	0.980907
40132813	1.015118
40526061	1.401430
40526061	1.253103
18243864	1.935024
18243864	1.513641
45375796	1.131218
104096067	-0.012644
104096067	-0.058092
64905545	2.542953
65298787	-1.323373
18899300	1.000000
18112883	2.564118
98328965	2.194304
119038386	0.052161
252099315	1.827028
16672163	1.973862
139747936	1.349548
190472819	1.767635
35676808	1.154841
35676808	1.097492
28336814	1.329169
31482603	-0.255048
75260666	2.023775
28730129	0.134403
28730129	1.866604
99771160	-0.377964
101999398	2.449490
94789498	2.659315
156656560	1.660338
156656560	1.715356
60318668	0.793497
55469015	2.290272
37643235	1.217509
82994234	1.518128
124806208	1.334590
145581580	2.706858
28730453	0.926125
26371201	1.306635
18375850	0.100900
159868451	1.381351
84392844	1.650033
95577476	0.759771
44590523	0.167955
135292455	0.061830
82011751	0.999087
65824409	-0.069741
81421990	1.577039
20997868	0.123473
112879407	1.408752
42996019	-0.759795
97544002	0.500000
20560867	1.194499
34367366	0.446377
74912066	0.887341
74912066	1.380568
26503112	-0.171279
14706638	0.669001
52848675	0.952464
52848675	0.577350
199599131	2.826882
682073	-1.708564
53373038	0.629307
22833319	1.072592
94048633	1.604461
35678446	1.089390
41314552	0.750973
132933886	1.414214
129788163	2.442344
28728171	1.410737
18223515	1.000000
87058914	0.814951
30740905	1.396152
48785961	-1.052238
21785185	0.338521
177498723	0.142646
18529386	-1.401454
176712354	-0.493291
46688937	0.521327
32248263	1.000000
32248263	0.731098
44067505	1.749647
43281077	1.080632
44722871	-1.378276
84175560	1.463872
84175560	1.587012
215116492	1.414214
215116492	1.102537
37382912	1.700298
63597329	0.116904
23269857	1.192175
122186572	0.898594
85900430	1.838029
46164842	-1.000000
80636780	2.791793
35548035	-1.240218
682643	-1.220573
326003661	1.645032
115633104	0.778367
19295218	0.252872
229403676	-1.000000
43811981	0.151432
58223838	1.000000
20081892	1.198824
20081892	-0.538259
23096602	-0.168717
59010358	0.752497
135818568	0.870719
60188560	1.351227
106940410	-1.127656
50228654	1.000000
77491664	1.414214
83497554	-0.180621
16674349	1.032840
28077751	1.414214
148139735	1.993807
109604626	1.141171
123760407	0.738298
43282213	0.887682
43282213	0.654827
203452217	1.350820
39612252	-1.090727
78278507	0.270932
169373567	0.761687
118648758	1.000000
37122020	1.148146
107376615	3.815534
230322155	0.002806
114585607	-1.018136
28338187	-1.403896
24277074	1.523266
145911921	0.201410
30830787	0.786240
18903240	1.000000
72511735	0.072085
68315183	-0.739175
108032330	1.224745
36073893	0.707107
95580610	-1.334606
34501102	1.155420
27030023	1.000000
19165723	1.000000
85750311	0.558419
25195084	1.260146
25195084	2.101943
200700506	0.775891
18117212	1.000000
48132712	1.000000
32404093	1.384861
86971160	0.707107
71201471	0.839391
83952526	1.140870
52458195	-0.552647
94008077	-0.707107
65213230	-0.500000
49550131	-0.563214
169112400	0.997173
168194923	2.073640
30831469	1.834809
21525371	1.362522
62026627	1.925634
30569374	1.495792
28360193	1.378808
73298969	-0.175180
33190942	0.458899
59380576	1.815080
77755462	0.129721
164263014	1.473068
106591347	-0.041551
138179734	0.864285
92541807	-0.772078
92541807	1.296034
18248869	0.375056
43938989	0.974968
108488939	1.204944
75920844	0.680446
77624809	-0.707107
100562464	-0.707107
54818364	0.239205
44332666	1.093318
18773669	1.005418
17069762	1.022200
224163568	1.000000
78357249	1.026669
58488693	-2.537612
58488693	-0.579545
25982847	1.000000
129005476	1.995000
36206534	1.578779
111344335	0.792975
60848122	0.681934
41580554	-0.288675
17463346	2.086248
22706244	0.302211
42891369	-1.728803
139360386	1.250554
101218455	0.832741
154757488	0.963490
19953967	1.364085
23361844	-0.707107
28735809	1.585443
78149968	1.126696
111180247	0.697622
111180247	-0.876697
42760673	0.665703
37124606	-1.000000
106199613	-1.514753
106199613	1.796314
112360002	0.759564
76446296	-0.707107
188512892	6.043271
8359102	-0.740125
179600162	1.406976
48528175	1.164767
98073504	1.713170
26508193	1.000000
35683376	-1.000000
64650319	1.146510
29583898	1.128260
17595606	1.185279
30178541	-1.121286
14772800	1.000000
59707336	1.320458
81427858	0.588912
17700083	2.897799
39851252	-0.266653
163347907	1.000000
17637999	1.176467
55082475	1.578609
135643054	1.403326
30151946	1.423506
45383269	1.000000
16547434	1.235508
14838376	0.198798
107249302	1.227046
47611564	0.066101
33586865	1.000000
19169014	-1.732051
14843657	0.032101
75267874	1.554561
137133866	1.590259
84328419	1.794058
44072825	1.227219
115245025	1.190508
24281080	1.000000
24281080	0.925104
86931295	1.390854
41975824	1.014121
41975824	1.000000
66224183	0.881319
17918647	0.577542
85754004	1.414214
22577446	-0.386730
231506232	2.146496
183140703	1.454144
83581114	2.001836
138052057	1.000000
79653627	1.000000
16105553	-1.000000
73564648	1.505004
60195310	0.910832
58753567	0.271345
40665728	1.000000
29786831	0.688489
21529308	-0.630186
63603432	1.326882
134513394	1.428826
74582039	0.898958
67535686	1.000000
35029899	1.150450
52724621	1.334785
38044572	1.229493
14189619	1.956970
74351677	1.172054
85099645	1.000000
48530571	1.252483
36603060	1.907069
47088832	2.796635
93095130	1.108256
92570916	2.209338
190219584	2.577499
74351944	1.059500
33326461	-1.234460
29394345	1.006230
25986599	1.284958
21005865	1.539016
21005865	1.241672
104273502	-0.009633
30049874	0.977610
82682620	-0.372070
82682620	2.512587
42239709	-1.000000
42895076	0.939948
22972134	1.431006
161384182	1.512821
30443262	1.000000
218007299	0.302329
14190375	1.254398
46303058	1.378133
19695443	0.986381
124553083	-1.190279
36603781	1.224745
88195394	1.711269
12486542	1.270022
63342498	-1.678858
65039347	1.664169
115509227	-1.000000
61769798	-0.536812
99912020	0.187528
41453953	-0.577350
29395344	-0.268273
56920477	1.987475
40419748	1.656722
75008497	0.560978
88902130	1.676785
15763975	1.000000
47519497	1.578360
71068779	-1.000000
71068779	1.000000
199396032	0.828307
83397350	-1.000000
74353409	1.414214
102271764	0.173541
85756731	0.568344
78561760	2.063633
54561602	1.440904
18647880	0.000000
24021853	1.866751
52216295	0.988907
145649443	2.019838
145649443	-0.576192
145649443	0.078772
52893511	1.000000
75795385	-0.071868
95382688	0.916069
143166405	0.629103
81824723	1.000000
122063871	4.229646
30182402	1.527902
76057613	1.324708
25594894	0.809871
29133905	-1.217665
61639778	1.000000
52238182	0.895201
52238182	1.173632
52238182	1.000000
37129319	-0.500000
30837897	0.693018
207129756	0.816770
30152561	0.500000
241994963	-0.614277
21794019	1.190248
20365862	1.306787
20365862	1.592941
164007151	0.559062
24415549	0.713867
100699479	1.515858
290229620	1.663118
189697446	1.511104
33590716	0.614489
17862094	0.664133
19172874	1.285326
17075736	1.901681
33721925	1.000000
57314963	0.162909
14072429	1.596404
44732093	1.414214
126258906	-0.277350
139890415	0.122038
17076011	-0.991791
55218010	1.875346
31625090	0.257278
32935822	1.414202
34508705	-1.000000
17600423	1.000000
162566079	1.145844
85102586	1.401802
17076287	0.817465
16027728	1.331961
33722475	1.079798
224301175	1.448229
42766468	1.000000
33591434	1.000000
33591434	-2.181238
24254493	-0.500000
28872886	0.574020
823484	0.815830
823484	1.147522
225218806	2.059622
8556792	0.486974
39489845	1.000000
58495333	-0.382810
104239467	-1.447197
823661	0.282884
38048113	1.000000
107123152	1.270163
91472643	-0.627689
81302043	1.543400
97292857	-1.942764
32412251	1.612755
30577299	1.819365
38834899	0.263375
47354640	2.083948
81314648	-1.000000
132158482	-0.707107
71078954	1.494750
58627118	0.626630
261395513	-0.931698
137794653	-0.988145
15897696	1.000000
42636404	-0.577350
22844536	1.000000
26776716	1.054547
209753275	1.113899
16291011	-0.309169
34510030	1.661365
83531018	1.000000
29660446	1.732051
60022156	0.521178
209360230	0.577350
42112423	-0.693753
93242270	0.577350
51376046	1.177331
22975978	1.520538
22975978	1.217839
31626746	-0.753707
31626746	0.433885
31626746	0.077866
31626746	1.574351
31626746	1.551241
19699209	1.521447
26777182	1.571092
36597363	1.147101
27039492	-0.415732
37056146	1.414214
36738962	1.024764
67803032	1.182644
88905652	1.968175
57972696	-0.761378
37001242	2.449490
141433184	1.000000
121411704	-0.335858
47224966	-0.112265
26908810	0.637421
59938971	0.138362
59938971	0.160559
82352296	1.222555
82352296	-1.405600
82352296	1.286156
82352296	1.232068
18422141	1.214418
123902198	1.382994
27564295	1.000000
236493104	-0.660634
64166282	-0.983618
65837395	1.000000
30579090	-0.631378
94935470	2.111532
254712253	-0.707107
56662474	2.000000
28219885	-1.000000
34642424	-0.931570
163748352	2.323123
134388290	0.291793
133601865	1.581139
47869710	1.288612
77994444	1.000000
55614185	-0.707107
15899454	0.948084
146578269	1.295216
108436333	0.532868
108436333	1.126954
16817020	0.844938
15899544	1.591713
19700680	0.993949
128228313	1.999001
109485083	1.253396
169909285	-1.348716
33070131	0.456539
43949141	1.078309
92576860	0.552421
82861752	1.000000
122854544	1.131487
31235238	-1.000000
34512048	1.961143
95067376	0.885931
25074940	2.239062
10384532	0.784016
121281806	1.400776
63479121	1.421061
63479121	1.595877
16817510	1.000000
36347292	-0.163877
26254762	0.928675
257727915	2.395257
51551666	1.724601
150237089	1.000000
144481742	0.577350
82298740	1.454775
29924836	-1.147647
83612461	1.810808
65838590	1.305574
65838590	1.000000
26701749	-1.000000
28483205	1.382600
38968986	0.387440
80725277	1.064292
80725277	1.011065
40672965	2.178701
44080886	-0.187511
121836939	1.732051
211722010	2.112178
25337767	0.920584
212901813	1.504206
212901813	1.247130
212901813	1.721847
212901813	1.052698
212901813	1.147347
113942456	1.557949
32808908	0.878695
16687057	1.355988
162963416	1.951585
45129693	1.134710
19570662	0.166279
42474168	-0.756327
245014666	1.000000
126263479	0.824457
244237693	-0.645417
49062131	1.686371
36610384	-0.598938
35299671	-0.104586
103051324	0.961101
111190406	1.070106
28483995	1.192181
75801020	1.983363
30319099	1.134869
93755643	1.269125
93755643	1.603766
75801174	3.137435
14721640	1.000000
24814326	0.905190
9872122	0.691809
107651855	1.358835
41067284	0.694913
26265058	2.093002
107914136	0.447214
40412073	1.293901
18785219	-0.304180
81568739	1.574813
28515153	1.464473
33596410	1.545463
212640767	1.762537
16950280	1.121836
28100098	1.098731
27292744	1.013414
19113633	1.732051
23241821	1.039078
26876783	1.000000
38708401	1.000000
28615884	-1.000000
46537596	1.670715
15508733	-0.346922
37528868	0.440909
87860610	-0.428007
73704859	1.934971
36349344	1.097845
80827963	1.000000
29112763	1.000000
30582232	1.021777
21145144	1.282327
64398935	1.695605
64398935	0.591234
26256994	1.000000
71474804	1.016827
63874738	1.677209
155363004	0.877742
197174974	0.119701
22857336	-0.411422
110929623	1.980825
67544829	1.059534
26126106	-1.299219
17606460	0.593660
96773959	-0.577350
15509327	-1.000000
37136229	-1.943029
136081730	1.609235
337291208	0.885635
30372189	-0.979514
94058579	0.992748
60467468	1.437988
94415125	0.272567
46573862	2.278216
164014382	1.371135
73050439	0.476848
22194518	-1.000000
18524504	1.052558
84024388	1.271742
63482308	-0.921588
63875581	-0.345504
63875581	1.000000
109750824	0.940254
29010481	1.000000
26418272	1.214394
225880665	1.040115
57846388	-0.122611
192850549	-1.000000
27568779	-0.265016
37268120	-1.663945
69278848	0.086425
192588593	1.995450
33729335	-1.111673
17345336	0.957593
22224022	1.000000
42511245	1.502367
34515881	-0.484208
81570748	1.980293
74230777	0.331066
149342038	2.173536
90483732	1.833033
61516832	1.547224
24685718	-1.000000
14068920	1.000000
50339024	1.000000
156282110	0.594604
134524169	1.600100
55749953	1.364850
25603429	1.583782
53652853	0.577350
22719870	1.559808
56274402	1.631855
245673526	-0.872477
102018660	2.405871
23899759	-1.719557
105688709	1.813945
74347126	1.122266
64401117	0.002220
39104286	-1.283077
144748347	0.906330
57323420	1.414214
18001910	1.033684
21671945	1.732051
102281229	1.611978
38842533	1.821939
14534691	1.273028
15773919	1.075379
78033146	1.000000
78033146	0.772647
89005441	1.268997
75941934	2.153248
239251786	1.124494
14070104	1.000000
27570592	0.537327
56696226	0.985237
47493634	1.000000
42643983	2.024875
42643983	1.519299
78426659	1.407817
26653266	0.215116
152744532	1.586769
21148272	0.958146
48673396	2.439182
10269302	-1.063613
10269302	0.964026
10269302	1.062708
38580934	1.414214
91534051	0.608621
19755816	0.802559
62436139	0.918656
22852414	-1.110256
65188678	1.782829
14725999	0.362418
116700025	2.313207
25604994	2.082361
16561108	1.099765
76854237	1.894891
19444737	1.504092
20755534	0.107383
26522723	1.000000
122074212	1.247154
46445738	1.729105
95886880	-0.576853
139769049	0.219678
38695811	1.045154
21280038	1.000000
12760392	0.285090
98136972	1.948665
103200074	1.113087
128890192	-0.404233
29930844	-0.431188
124171614	1.625435
26785187	-0.484276
28620243	1.000000
180270590	2.030035
180270590	-0.233965
30962606	1.404857
23246412	-1.412524
22066785	1.360243
52999806	0.646136
14333584	-1.380752
56932074	-0.333299
31241983	0.640234
125220623	1.953440
128104252	1.724704
31111001	-0.244407
31111001	2.130572
53000031	1.000000
71219055	-1.000000
35004076	0.816718
44087346	1.000000
23509065	0.322365
20101194	1.690138
43825240	0.893949
61651043	1.029938
36878476	0.465619
51689620	1.439937
21018777	-1.000000
39853771	0.801809
77908356	0.204582
22460707	0.491152
37272021	1.402219
31635967	-1.112393
169654798	1.000000
110279226	0.771961
69218516	1.634099
29239511	1.389946
28883618	1.411347
192592580	0.058176
27835149	1.266497
20757339	0.770356
33256609	1.732051
99617412	1.170533
194952149	2.645751
34520031	-0.341488
49986537	2.232098
15430826	1.255556
79588630	1.185038
57064467	1.252591
240040984	-1.354784
197442604	0.888239
63880275	1.721637
48806997	1.000000
104119400	-0.601717
18005141	1.000000
98565570	-2.193501
98565570	0.411292
179354844	2.422020
310623	1.763207
52477280	-0.167674
46054803	-1.000000
94813678	1.728342
282902033	1.475267
48283173	0.383636
27967099	0.686598
39744793	1.498281
39744793	1.153681
14859958	-0.581142
44482238	1.331037
43040510	-0.208858
31637255	1.150609
43695884	0.859011
34633008	1.332868
47103798	0.735976
47103798	1.358645
23641958	1.000000
25214878	0.610622
106348490	1.601315
76663460	1.218320
30982128	1.542301
30982128	1.732051
242925562	0.737736
29933602	-0.513778
30326862	-1.000000
52609112	0.122477
246071461	1.754688
39239850	0.489621
56148157	0.645091
83148992	1.629781
68075736	1.000000
97809788	1.414214
102285547	0.457311
102285547	1.506423
142450858	1.998154
35127305	1.836924
69517602	-0.850643
54818186	1.000000
129548679	1.445440
213041571	0.874872
18923962	1.107732
51429831	1.740621
74479013	1.790360
74479013	1.172928
75022820	1.633510
57590280	0.665050
17220134	1.032384
17220134	1.983217
84722268	1.531330
316457615	1.732371
316457615	1.414214
91911620	1.547857
18006683	1.226437
48677549	1.414188
22334238	0.784571
57459419	-0.008015
51299039	1.000000
26395453	1.000000
30365632	-1.000000
106611531	1.972151
106611531	1.807666
225100631	0.525751
26657624	1.299374
59930090	-1.000000
30701035	-0.285881
131908487	0.820718
131908487	-0.311417
158385041	-1.285305
36225938	1.689415
41468884	1.445264
41468884	-0.707107
12809722	-0.484289
12809722	1.134896
27706342	-0.239985
39240679	1.533116
39240679	1.300636
80027820	-0.741349
51168299	1.589287
32949317	1.158610
188138577	0.268002
32448705	0.595747
32448705	0.935352
32448705	0.052974
253412626	1.967698
57459988	1.437411
15648064	1.264904
19580268	1.142434
37143980	0.185210
73700795	0.408248
706033	1.202829
54576634	1.779549
57853482	-0.077486
45794892	0.744685
35550818	-1.000000
19953256	-0.265488
123389638	2.828427
24692473	1.862007
30125616	1.680916
30125616	1.457802
30125616	1.591160
185386805	1.805611
96520028	1.442381
36226966	1.718488
101904521	-0.447214
239781844	0.682279
99403783	1.255568
33343505	0.770073
72009801	0.785508
40421469	1.395288
101107854	1.470226
122734749	1.307601
27052190	1.032310
94685405	1.820158
94685405	1.024318
29411594	1.000000
34523418	1.414214
37800248	1.399454
18925912	1.147293
20353963	-0.015150
14862752	-1.000000
68078029	1.410051
51956246	1.849327
63752856	-1.000000
63403804	1.134857
30591694	-0.278049
57461522	1.469646
47237912	0.932164
92595030	1.868961
98880318	0.908133
50252628	-0.427317
24693608	0.687371
33213589	1.302575
33213589	1.327847
32820140	1.677015
82103243	1.990316
82103243	-1.581306
264031230	1.940385
73845828	2.366651
43175020	-1.000000
98006903	1.421077
27184346	0.049288
23897495	-0.007080
23897495	1.412825
95024940	-0.660557
123522376	-0.043602
123522376	3.863192
29806041	-0.577350
128765408	-1.129233
40160755	-0.707107
15519240	1.000000
240045684	1.632839
136892034	1.106689
136892034	1.183093
86620030	-1.000000
44507759	1.315754
74239651	0.887876
96259779	2.127692
96259779	-1.351516
111496536	1.628195
93769514	-0.707107
38326071	-0.308745
200986509	0.470073
24301500	1.190876
30592960	1.282183
48549841	0.797599
25774264	-1.376158
244240352	1.211064
24170480	1.585919
143183893	1.280003
31603641	1.569854
103469171	0.871557
59428982	1.414331
19845294	1.044626
103862472	1.471059
60477656	0.420307
60477656	0.971482
24695016	0.577350
29151468	1.414197
29151468	1.231252
127717658	0.386119
41734435	1.056800
75222412	2.222776
198627658	0.648389
80957317	2.100376
102551942	1.835071
56676745	2.119099
38719938	-0.577350
16306667	1.732051
101503492	1.231302
47239704	1.000000
50927016	0.885416
15782512	1.000000
18928262	1.108116
81711771	2.645751
32556752	1.414115
16962260	-0.139290
41472737	-0.038616
94742442	0.392192
26661689	1.173346
66265909	2.525425
27949200	0.985933
39506805	1.884066
22074230	1.915086
33477521	0.810422
50910127	1.000000
115568615	1.614857
112709112	1.090371
112709112	1.436781
23165091	1.436165
118585514	1.529416
39375882	2.547884
189846568	0.128288
44356668	-1.000000
20894785	1.695214
296277064	-0.962551
71268543	-1.000000
133861649	2.236068
247604081	2.363817
247604081	1.892465
20370645	1.393327
61265186	0.822711
99276111	-0.373234
14079353	-0.707107
11589002	1.704259
29021586	1.000000
49993113	2.115475
26924472	-1.000000
26924472	1.364272
76207603	2.374846
179099146	7.089316
226809357	0.529511
25613839	1.434613
26791525	1.732051
91207211	1.985841
10271762	0.358264
42391361	-0.632456
90011959	-1.133945
22075234	1.000000
36796731	-1.732051
43306641	-0.401479
39287104	1.346605
75703280	1.138567
31119286	1.000000
84455307	1.000000
20502503	-1.000000
7456022	0.839009
106485819	1.439801
63625303	-0.907160
69916800	1.604552
110942346	1.412617
116054181	2.447401
66246870	0.956991
17225949	0.876944
13293822	-1.000000
28236040	-0.430359
230411991	1.546423
71883021	1.362504
63426264	-1.348098
193255795	-0.806852
84072823	0.760944
84072823	0.775101
84072823	-0.551085
97068095	-0.469720
30595507	1.000000
21417729	1.238164
44096018	1.044976
74111536	0.922042
56810101	1.210663
110025336	3.038319
48683650	2.646806
336910990	2.062979
336910990	-0.111247
105631517	2.059444
24566460	1.301102
31251136	1.066609
6871792	0.279488
196926200	1.812961
79091339	-0.791018
62053144	1.149429
26813574	0.653542
26813574	0.818255
90580107	1.725536
90580107	1.091382
15260501	1.000000
33610605	1.000000
54898807	0.637768
89709464	-1.164953
21552076	-1.681379
76733418	1.662322
244898852	0.377964
29940778	1.000000
122215495	0.996318
22469704	1.550003
22469704	-0.374372
124181580	1.000000
93869616	0.816495
93869616	1.450952
93869616	1.289685
52722194	0.892601
25787465	1.347711
133225596	1.755052
103865483	1.000000
23449454	-0.669483
132046000	2.146824
50781363	1.126982
65985721	1.578966
27965363	-0.164647
53927119	1.000000
56941782	1.273505
23125276	0.258881
74243438	-1.732051
74243438	-0.325748
9231792	1.000000
9231792	-0.707107
222879178	1.138369
35446237	1.327083
36363765	1.330277
36363765	0.012593
36363765	-1.000000
42130941	1.000000
176039208	1.326780
142532362	0.813865
14344002	1.322704
75484268	1.126489
21946201	1.000000
38985576	0.958460
135585780	1.153978
16393563	2.000000
20897846	1.656698
63627356	1.000000
63496296	0.386938
120512714	1.177610
105832660	2.611695
18276614	1.503737
139911441	1.868189
31483	1.190079
31483	1.106739
117760499	-0.396958
78652847	-0.498453
79225463	1.232484
27976322	0.936326
91707569	1.351079
72409738	-1.141034
68878427	0.707107
23388860	1.121382
29024968	1.000000
95578395	0.453041
25486081	1.078699
26272529	-0.899586
19877964	1.000000
150135709	1.785366
51979761	1.000000
66118599	1.030072
73065461	0.462237
31122442	1.125922
64939034	-0.026924
32564254	0.582363
30729265	-1.290994
30729265	0.610395
18932790	1.414214
51962955	1.097344
51962955	0.885789
49996884	1.458650
42525819	1.000000
81585280	1.000000
17491080	0.908402
21161099	-0.350143
99427865	2.065813
11068632	1.000000
36010874	0.084514
169272597	1.275342
30074148	0.161424
238954045	0.318761
118547850	1.153043
61662657	0.363829
36496849	1.275561
41084405	1.000000
143975994	1.000000
183428668	1.043453
66381409	1.874098
45051551	1.009703
119203448	1.000000
90836471	-0.954190
30336691	0.707337
48266186	-1.000000
47638258	1.000000
41530380	1.575115
44885858	1.180221
44885858	1.414214
135325570	1.274921
122218383	1.458589
20506572	1.255640
177721685	-1.008743
23914543	1.331346
35842107	1.514478
86304845	0.025299
86304845	2.000000
78369129	1.000000
46606019	1.611342
120514735	2.000000
132578652	1.414214
45541600	1.534187
73613987	-1.000000
102951285	1.531659
67621503	1.414214
23755844	1.514802
114566896	-0.627123
29260873	-0.577350
128641505	1.977687
150109270	-1.726649
150109270	-0.310116
150109270	1.138973
83617476	-0.643883
37409207	0.772909
37409207	0.767391
117631630	1.700995
121301649	-0.648632
121301649	1.456270
65464991	0.965761
26800156	1.000000
13822682	-0.707107
25488093	0.731387
76081936	-0.707107
67752410	0.723746
16575297	0.860831
109636427	0.037802
109636427	0.725106
109636427	0.892704
112782163	1.045024
66382677	0.777188
33687374	0.782993
48950118	1.346693
81718129	1.000000
22080403	1.198717
102820758	1.000000
65465274	1.146408
15920189	-1.000000
27716688	0.823085
46460007	1.562307
64154747	1.347223
88403079	-0.062465
16313487	1.000000
58387655	1.581260
81194207	1.716105
19852548	-1.000000
123006253	1.380359
27454781	1.133289
179760447	1.000000
86830404	1.218285
59698506	1.371286
20770132	1.580396
59567445	0.872160
49737052	-1.350219
68349297	0.149696
51703161	-0.707107
80145812	1.000000
24833465	1.227343
228650464	-0.716594
136900067	1.168966
136900067	0.707107
136900067	0.097366
136900067	1.457322
22081013	-1.000000
35843629	-0.493472
96267865	-0.420572
81325691	-1.920558
40169200	-1.000000
70242942	0.730579
119598928	0.887087
19459995	1.471509
19459995	0.707107
45019040	1.011032
219344846	-1.411763
130478044	2.419396
64055746	-0.924918
64055746	1.130954
27324446	1.447567
27324446	1.394018
72034335	1.086197
106885309	-0.376360
14348488	1.000000
21819620	0.006833
944791	1.173809
24280451	0.079376
36106526	0.425190
59568416	0.933136
15528254	2.000000
20246851	0.784631
37417323	1.000000
37417323	1.410987
158738496	-0.159148
245166494	1.936728
92860882	1.483507
43971060	0.707107
88011299	1.000000
88011299	0.836330
88011299	1.842159
84245942	1.000000
46068298	1.824599
29291099	1.000000
36106864	-1.298350
90501758	1.263863
47641235	1.711743
43840253	1.230777
151450369	1.109691
22606603	1.732051
107279126	1.000000
107279126	1.000000
233763610	1.643287
233763610	1.577755
78836592	0.267261
45423428	-0.222624
22868911	1.732051
27765567	0.553495
27765567	1.224038
115930033	0.223626
133886934	1.594420
18412506	1.160221
54077612	-0.584603
219608095	2.828427
16656572	1.487334
146207997	-1.000000
114732235	2.157022
23655749	-1.326610
23655749	1.795312
8320332	-1.163581
129955184	0.268645
56030585	1.001893
41014166	1.407270
21615516	1.369161
57603505	-0.053637
62453171	3.193122
9893312	0.751169
82507222	0.949245
46855645	2.000000
15267328	1.004131
26015244	1.542590
72545829	1.382127
134267837	0.945574
22738541	1.342574
80410280	0.992616
69007019	1.000000
104265399	1.000000
58002214	1.286787
16971485	-1.442731
48769333	1.238459
86046583	1.959746
66647950	0.758698
181894812	1.289570
31651777	1.265839
39647277	1.646983
65874285	1.000000
42137748	1.392308
43972844	1.000000
49740189	1.292285
97057190	0.114249
94042634	0.912755
59701852	-1.000000
14482033	1.369965
43745047	-1.000000
18807437	1.414201
140966619	0.679438
35191580	0.896803
74120006	1.732051
164559703	0.169512
47134597	1.000000
47134597	1.584350
47134597	0.956628
31652700	0.744348
17234784	0.894864
75037549	1.017139
72809346	1.738982
7591072	1.515464
7591072	1.557083
46070747	0.707107
41770606	1.479741
57867292	2.139237
29392731	1.713949
16841777	1.546446
116194380	2.645751
50381809	-1.726079
92863608	1.000000
102356161	2.430426
102356161	1.498994
102356161	1.012281
101383331	2.456206
145030412	1.582235
171900245	1.613951
223804865	2.036905
98011833	1.368943
175717757	1.500392
61406898	1.322493
160088411	1.459089
29294294	-1.390001
91804967	-1.000000
35061504	1.137455
35061504	-0.669608
50528052	0.835490
30867299	0.968662
21168105	1.621487
42106885	-0.915829
42106885	1.347558
17498175	0.707107
43188310	2.343835
21561461	1.423667
61538423	0.728085
81297430	2.236068
113442968	-1.000000
24445081	0.976973
64673144	0.961847
24838356	-1.237109
56426821	1.000000
97190220	1.212339
97190220	1.000000
100336022	1.686608
8639902	1.773023
137560504	1.344842
24707533	-0.073988
69009871	1.000000
30736849	0.978395
75301365	0.838805
14877205	0.266720
34538008	-0.241479
67993696	1.187942
89620581	1.000000
110035577	1.369258
14353020	1.000000
29033101	1.000000
139133588	0.539256
21562046	1.000000
44499668	1.000000
26936030	1.167499
15979987	0.624709
135769340	1.136200
82903845	-0.296212
14353248	1.943861
16188274	-0.831170
35324829	1.602373
39519135	1.693931
64553895	-0.076391
157221858	-1.000000
73633786	1.781421
265487357	1.186313
25232391	1.940131
47121454	1.430500
36242657	0.205719
94307598	1.341115
105973019	1.243197
120653107	1.644412
51053882	1.587306
16450897	-1.000000
132318548	-0.577350
46466401	0.458479
203097445	0.049683
81361251	1.502955
133760378	1.161915
22218136	0.884823
28247487	1.000000
116774485	0.811511
18339415	0.009883
50923020	-0.980761
52364852	0.881332
52364852	-1.184610
14354011	1.880438
15400264	-1.000000
267376241	1.527525
267376241	1.210436
15927015	1.391863
17630987	0.958176
53937944	0.035766
24315699	-1.000000
29820727	0.752406
64423743	1.840072
26412868	0.639257
44631936	-0.655586
67909818	1.000000
44204378	1.289310
55511071	2.637354
72288340	2.749514
35850329	0.254611
41355357	-0.712023
13437022	1.000000
112920753	0.898813
118653300	-0.481537
7669962	1.000000
242176396	1.653419
82512143	0.500000
82512143	1.879646
82512143	1.391676
12650822	1.000000
284494177	1.838741
34408833	1.160632
31403076	1.962653
15141296	1.000000
15141296	1.398243
42142137	1.220982
21957108	1.407330
21957108	1.325078
21957108	-0.192724
21957108	1.191373
101963532	-0.569041
42535500	0.707107
18942571	0.992553
101386864	1.614627
249367157	1.268375
155519650	1.364748
40307391	0.307097
36244190	-0.377964
230632578	1.826210
16452375	1.885564
30608170	0.674219
52497244	-1.000000
23530335	0.666843
23530335	0.984404
160050347	1.066092
44108883	1.280592
14355557	0.882856
26152109	-0.780253
19260768	-0.998473
158010636	-0.837564
117902717	0.679047
78043032	0.971814
94619650	1.161933
145821178	1.000000
145821178	1.206305
145821178	0.284763
145821178	1.646734
94703146	1.548692
41146291	-0.707107
41146291	0.316204
30609047	1.404199
74132762	2.090353
20385439	0.572857
190123705	1.422905
34279111	0.185481
34046585	1.497620
153292547	-1.000000
73975981	1.325438
86707987	1.707805
26073057	0.204360
26073057	0.585008
26073057	0.751451
26073057	-0.199444
26073057	1.403064
58789737	0.692406
75416264	1.000000
47910773	-0.080125
71165818	1.807137
32837528	-0.408248
54857647	1.245514
54857647	-0.049070
56037298	-1.000000
43585490	1.000000
53809173	1.732051
20385837	0.524071
57348168	1.000000
85004444	1.000000
17633485	1.658243
17633485	-1.000000
84742377	0.447214
339808495	1.468047
18026786	-1.000000
167973221	-0.162704
46338525	1.597237
68096508	1.158095
131739062	-0.164381
43455122	-0.830215
67055045	1.408248
27726514	1.414214
198775504	1.622231
30085877	0.847146
30085877	1.304316
166014421	0.285172
26940169	1.000000
35590948	0.694993
193401791	-1.565571
34149316	0.997982
197858248	2.000000
141628405	1.012538
27071542	1.116252
51173557	0.818063
103093344	1.448971
32299199	0.529215
44242055	1.278486
92738718	0.794981
50795708	-0.770959
28906747	1.404481
77603532	1.302773
6624522	1.000000
7935272	1.602414
74941331	1.327998
103880084	-0.944015
20743068	1.000000
18421164	1.408385
55121325	0.376482
14451615	0.363604
25630186	1.447727
118953480	1.519269
71031052	0.707107
28382794	1.458176
132847198	0.436448
40703656	1.454809
183178951	0.997483
63903435	1.154159
202184406	1.000000
202184406	-0.654840
21829353	1.270349
81598233	0.353553
17700510	1.134395
24319848	1.000000
53155695	1.374368
58136490	-0.262216
74389436	-0.500000
37164996	1.000000
204281822	1.000000
204281822	0.567153
104667114	-0.546990
104667114	1.495627
18814963	-0.310265
22222936	0.707107
22222936	-1.352959
14227568	0.732364
149100770	1.434814
108599525	-0.167345
240982284	1.409946
242948443	1.871701
97851750	0.912111
20126082	1.016476
19864060	1.330557
27728444	0.820430
27728444	2.016950
18160189	1.461163
95492755	-0.500000
41884341	0.674237
71883209	1.000000
71883209	0.157473
116988635	0.692844
42802005	-0.500000
138222442	1.356285
263265230	2.584231
263265230	2.650621
58268679	1.304525
187898898	0.545168
117644323	1.328404
50535460	1.366248
40573993	1.000000
99032109	1.579490
187401396	1.967492
247798871	1.000000
99556475	-1.000000
105962012	1.097935
90801907	-0.050598
129008851	1.192439
27860230	0.022036
15670541	-0.115548
114498839	0.703456
114498839	1.304904
20782372	1.413674
35724595	0.233908
29171010	1.190255
34020730	0.766601
34020730	-0.562356
14622094	1.490081
100395130	-0.050583
134403475	1.171890
43064819	0.948837
35462690	1.000000
77799000	1.298508
28384880	0.521286
16592840	1.212497
185933506	2.513606
31792835	-0.313578
110304972	-1.024916
125771523	1.714589
44244744	-0.899426
110567289	0.887078
104406959	1.619092
159723523	-0.960993
87761066	1.389112
142618654	1.420795
142618654	1.224532
61808856	1.836435
23273691	0.377964
62202117	1.655416
15671579	1.514347
51585479	1.889964
28891907	1.431939
24977946	-0.336310
152230664	1.920574
42279528	1.000000
63778921	1.519296
26288770	1.635767
60760736	0.544411
69271779	1.523723
177283768	1.874371
69935805	1.205930
70384038	1.371785
68625163	-0.500000
48046860	1.000000
18031377	1.453764
37430184	1.044827
53289942	1.502020
53289942	1.801286
127345632	0.176900
20784132	1.000000
31925258	-1.000000
8070172	0.732657
26682407	-1.000000
136458419	0.774864
47260732	1.344831
117777491	1.414214
74130538	1.347231
39658632	1.455683
47260838	1.821623
53290158	1.000000
101917921	0.523762
91260457	1.398647
66968447	-1.000000
115811616	0.876696
115811616	-1.142754
44314845	1.153960
69674354	-0.348682
69674354	1.034084
15148424	1.008598
55780809	1.000000
15410657	1.646841
190129689	1.964308
82912976	-1.209103
49096423	0.225356
14231332	0.707107
61155116	1.340684
61155116	-0.377964
16571357	-0.218029
37824400	0.869612
37824400	0.671661
104277908	1.611676
110045110	1.436703
98837083	2.473182
55388260	1.000000
46344303	1.156806
82651251	1.634200
29634921	1.309472
10823832	0.988571
33399839	-0.078315
154216716	-0.816248
34416910	1.561772
4270371	-1.000000
5187911	1.139163
24717681	0.578149
90823742	0.575199
91369885	-0.785133
21834187	0.233714
34679261	0.763888
20785695	1.016603
52767267	1.597209
52767267	2.768819
54078004	1.103557
107817540	1.414214
198388398	0.971721
92875446	1.928622
87498559	-0.325718
28388065	1.147030
21179160	-0.758776
22752035	1.203314
107948919	1.705330
53554061	1.412256
15412150	0.826239
68150175	-1.339970
84749265	2.228713
39267302	1.515405
10149032	-0.603381
58534941	0.110971
28914196	-0.400577
17030335	1.142074
32868205	-0.577350
23407767	1.176643
128265369	2.021228
198913303	0.602887
70200633	1.049138
131542337	1.491375
36253000	0.654485
70331729	1.130835
24829158	1.000000
133770609	1.984434
133246328	1.399542
22621569	1.880606
14232983	0.687107
7941542	-1.403849
134426025	2.167139
79375812	1.773190
102575611	0.295197
102575611	2.121050
43462141	1.685293
110308877	1.000000
30354958	0.546442
34680419	1.149039
48443001	0.761795
204156540	0.994653
204156540	1.047022
16330385	1.000000
26947237	1.000000
93532787	1.581898
250293944	0.463156
150941369	1.826577
53817083	0.016618
53817083	0.977527
54865698	0.958409
176631623	-0.530199
176631623	1.351047
237973331	1.151959
82259852	1.539472
26554300	1.000000
18275659	0.593381
23146452	-1.100266
21704753	1.000000
40841303	-1.000000
68132758	1.397180
73216165	1.475351
305082570	1.578395
74395883	2.145493
44118270	1.449128
18034951	1.363010
18034951	2.236068
92574076	1.459417
92574076	1.790957
35598630	1.485017
20656426	-1.121617
65352019	1.474115
223031729	1.680176
106115518	0.702061
74920428	-0.462910
166146609	1.004113
26948175	-0.945293
48050776	0.474452
31535718	1.000000
29307587	1.819477
56308439	1.000000
97334028	-0.763729
94057262	1.578066
54604635	-1.447538
223687518	0.744737
27581927	-1.548528
33239960	1.024203
109654967	0.493652
26293181	0.758030
142160850	1.143342
188210684	-0.408248
15021039	0.171520
169948227	-1.000000
82785448	-0.500000
27859078	1.541805
207566034	1.808420
22099237	-1.000000
197626076	1.000000
150593079	-1.000000
26686359	1.210447
59323833	0.048548
43070933	-0.707107
89759005	0.983182
89759005	-0.707107
45299330	1.000000
147666662	2.152751
42415888	-1.289444
108738362	0.815104
16463732	-1.770668
136525691	1.707501
59586458	0.628569
59586458	0.720504
26163099	1.210878
15284160	-1.000000
117258243	1.000000
16464010	1.300422
30357692	2.645751
71993718	0.500000
87636213	0.998140
15457434	-0.742767
38133460	1.000000
77150461	-0.527194
77150461	1.263470
115161475	0.707107
62470588	-0.479601
27036067	0.842800
212810217	1.119302
130234878	1.223467
83048959	0.986302
219757140	-0.924337
19217005	1.000000
101530342	-0.112898
43727629	1.280878
29965112	0.945417
39926589	0.825036
41237339	1.249211
24038105	-0.216363
73239033	1.000000
67582942	1.082915
19610674	0.812900
112802876	1.665029
76233800	1.641406
112803019	-1.000000
45956300	1.568604
134298910	-0.707107
25378094	1.000000
102972808	1.896757
85409184	1.544325
14630309	0.598874
52641273	0.795571
20266533	0.792246
22494791	1.400994
34029147	1.411621
34029147	0.110392
49231121	1.119995
73261005	0.707107
31274287	1.000000
31274287	1.164254
123944769	1.161407
49233772	1.726607
15548305	1.000000
40189874	0.168716
33898420	0.508698
52510681	0.707107
39269714	0.169838
30359584	-1.000000
15024201	0.626355
127746156	1.294226
21053574	1.584746
21840036	1.473675
91046059	1.000000
44122301	1.047848
778278	0.931659
129534676	0.408248
81824469	2.121320
25116981	1.370220
23806267	0.911258
45039948	1.668645
28000591	-0.321447
25903468	1.829902
23544206	1.000000
87638420	1.633846
123683278	1.000000
143868387	1.123891
166412796	0.630650
227623437	1.000000
34947699	1.000000
77477349	-1.000000
19874451	1.101884
19874451	1.085172
266551974	0.888423
24593104	-0.707107
306266933	1.276240
306266933	1.834550
306266933	1.292698
29832679	1.219865
111534226	1.299396
43205496	1.081516
42939882	1.000000
94192555	0.934338
31671217	0.715287
19740147	1.156101
90977788	0.985701
69678590	1.414214
73745421	1.000000
23807138	2.043548
85863203	1.515958
7747112	1.000000
15156496	1.623193
44123445	-0.049178
131155259	1.071458
21579116	0.772236
53298546	1.709311
16572667	1.000000
113198569	0.990239
235750900	0.714407
31147542	0.881321
80299608	1.721800
16860794	0.016581
46483089	1.674258
194725527	0.942702
17778328	-0.259199
19875511	-0.576758
223692493	2.041368
63260390	0.957640
134870828	0.170083
62080748	1.814153
48973549	1.000000
60245788	-0.288297
60245788	2.033087
25642799	0.917241
29374092	-0.577350
158549854	0.117411
48711580	1.818594
118459376	1.000000
90916770	1.350756
83052504	1.000000
151078898	-1.561411
131287050	1.039693
123374597	2.226388
18958371	1.930226
41633845	1.054886
155535478	1.370786
155535478	1.414214
65882232	1.040580
94735381	1.414214
176244892	1.499953
176244892	1.295091
176244892	1.513621
239290535	3.747960
36391118	1.302162
63260934	-1.473800
170215688	1.000000
11880772	1.640425
35998035	0.920302
74353731	1.000000
31017374	0.734858
77941162	0.577350
97995279	1.350884
45304344	1.909308
183061024	0.867196
81527692	1.000000
33639082	1.167680
157239982	1.739065
193678011	2.236068
300108486	-0.639530
19958905	1.466170
50547417	1.000000
14895871	0.831306
25119529	1.000000
47926063	1.000000
163793747	1.000000
47795155	0.863290
124947623	-0.217573
24988655	0.951852
24988655	0.771535
23809015	1.000000
29707258	0.130413
130501627	1.277916
9391102	1.384821
16468999	0.654461
22405635	1.423834
24988710	-0.744169
62999656	1.569185
30887029	2.176256
30887029	1.949550
30887029	0.996773
30887029	0.626329
38358138	0.392084
45802017	1.748575
59198676	0.707107
26037494	0.229978
61689089	0.473050
16600363	0.479945
19615142	1.000000
29314516	1.686083
58936806	1.000000
58936806	0.707107
225136175	1.537142
264539400	2.235083
23940662	0.246993
34295360	-2.093729
81890577	0.009006
35999361	1.810664
115691175	2.236068
26169033	2.078827
46616270	-1.000000
39669475	-0.432319
24989519	1.000000
49893251	1.000000
108744614	1.414214
14372794	0.355524
67588034	1.397739
42422228	0.455126
42160085	0.913947
23679097	1.000000
38352917	1.000000
83710131	1.373782
120410315	-1.000000
153964750	0.841844
84914383	1.354435
240996596	0.447214
15683829	2.449490
36262149	-0.797210
251613459	1.194588
25252160	0.855994
113070450	0.570750
62476719	1.578118
142955082	-0.620960
33509991	-0.423915
84103837	0.507018
93147885	-0.793739
48845551	0.720794
119624467	1.938045
15291167	1.049491
7164782	-0.260828
53957488	1.414214
15422329	-1.000000
70210474	1.000000
17971368	1.253163
106648564	1.003186
52909146	0.904587
52909146	1.228455
72569969	0.707107
85932234	1.202410
59331802	0.727051
59331802	-1.000000
59331802	1.163956
59331802	-0.805710
59331802	0.767507
16995555	1.287925
130504002	1.717381
41506176	1.155912
95376792	-0.116639
65361316	1.000000
15029673	1.336512
83692589	1.138455
81410295	1.000000
48846336	1.350657
27088389	1.629180
91969110	-1.000000
38229701	-0.386419
21976814	0.898023
18831112	-0.140586
231692057	1.514226
25122858	0.628444
25122858	1.251823
45701175	-1.000000
164190340	-0.446255
26171527	0.990805
14637193	-1.000000
31152319	1.259583
38361291	1.000000
94517625	-0.577350
259741934	-0.343700
15161644	1.449438
133489716	1.521077
79780192	-0.117142
41171357	-0.701706
45701619	-0.338596
53565941	1.550444
56313990	1.732051
306665983	1.808460
74406412	2.829601
127228449	2.030375
91445895	0.589928
55794352	1.000000
115401843	-0.577350
22633157	1.642466
80042698	-1.000000
36133602	1.369316
91830743	0.707107
24861467	0.506117
28793698	0.371424
59783659	1.064696
40328103	1.683713
20929478	-0.457805
20929478	0.060264
84071170	1.000000
14113794	-0.707107
37051514	1.899549
46488740	1.491567
16604378	-1.977173
28269789	0.926378
5463312	1.280367
127678288	1.231794
5725482	-1.000000
39148984	2.054775
101146050	1.020990
70051062	1.484271
193551826	1.479749
136142347	-0.277350
202071608	1.447154
212819539	0.707107
66281077	-0.757822
66281077	1.209569
20012732	0.606776
77422324	-0.508925
162488064	1.444321
36658961	0.229310
26173272	0.447214
65888108	0.636857
56057758	1.035722
16474018	0.169668
26828708	-1.633867
109797378	-0.406744
143089726	1.472576
159211635	0.465642
24862839	1.522255
32989450	1.000000
30105919	-0.500000
223830363	2.000000
101409170	2.647230
36266410	1.195303
277307820	0.288675
70083076	1.000000
181794017	1.429525
288711203	1.823909
148333103	1.517135
102195794	1.563195
241394353	0.823855
40198885	1.976316
36135654	1.328778
187130606	0.317798
62219050	-1.450963
89576079	0.948334
84600301	1.000000
159998868	1.100209
98001813	1.556140
246637506	1.756587
39674854	1.000000
105735211	0.777172
105735211	1.717921
42165355	0.707107
37577853	1.372916
18179322	-0.818475
13722902	2.000000
63661374	0.408248
58385975	1.617343
107570552	1.285776
36933873	1.464283
139159014	1.185655
52520464	0.214929
102852137	1.457751
22242941	1.000000
23553717	1.038801
21587678	2.374994
103376607	1.486059
77241975	1.384381
163145467	1.119486
40068860	-0.164593
57490390	1.187047
192636701	1.692316
35492146	1.000000
67856189	0.787592
60818288	1.120322
41117528	0.545118
41117572	1.414214
47277967	0.693920
47277967	-0.259980
47277967	1.323869
47277967	1.600774
29321110	-1.000000
28654583	2.140145
49506253	0.500000
43870179	-0.408248
88696826	-1.547079
16738312	0.787377
125397015	1.732051
24602688	0.886590
10184822	0.547531
29845691	0.631949
29845691	1.068990
30238920	0.209242
48326873	0.839779
114353879	1.000000
22218487	1.414214
19622230	0.953841
28535149	0.445255
58407999	0.736776
23685509	0.903033
23685509	1.024292
23685509	1.000000
23685509	1.000000
48196049	0.883431
73230830	-1.732051
102853147	0.632059
68905534	-1.000000
22506067	1.000000
79915625	1.993860
34171525	2.269565
41642634	1.432655
47803026	1.451710
33909396	1.690601
31156907	1.000000
44579969	1.020106
74935099	2.449490
120776502	1.000000
32205754	1.765505
32205754	1.800453
86862792	1.197117
74224123	0.352257
175832167	0.342292
19098625	-1.000000
19098625	-0.133393
67583151	2.561201
279538723	0.645348
279538723	1.127960
279538723	1.584968
21064756	1.964837
21064756	-0.149272
21064756	2.688845
21064756	0.000729
21064756	1.283138
41512032	1.001287
238382240	1.077408
26045609	2.236056
45300939	2.265718
45300939	0.392742
119368925	1.753565
24341729	-0.094269
22637862	-0.022991
31681856	0.988305
33254725	0.961695
96351146	-0.577350
40201647	1.794929
91671138	0.577350
21065237	1.000000
56026103	1.161115
79654431	1.000000
27618938	1.000000
60387079	1.023596
43609891	1.802336
78488351	0.666726
68382552	0.707107
168390489	1.575519
70610808	2.701604
99173764	0.922909
67071942	1.019755
21458972	0.670676
142307395	1.414214
18837574	1.000000
47944375	-0.410309
111863848	1.732051
25129230	1.203692
91844890	0.693069
86339891	-0.903332
203780418	1.414214
30795835	-0.188351
34435527	1.301437
152823898	1.562485
98267688	-0.577350
177959481	1.754016
79725059	0.017083
68645474	1.941376
87331603	-0.611471
68080595	-0.807571
45650714	1.000000
25522937	1.000000
70598101	0.100178
97908627	-0.405005
97908627	0.731557
97908627	0.124407
32207629	0.806327
109146922	2.045862
134837053	0.731335
134837053	-0.671637
56456083	-0.988922
56456083	0.748282
56456083	1.086976
55407537	1.199306
55407537	-0.020746
55407537	0.474174
123565038	0.872243
23819259	-0.071957
53048339	-0.857617
91976755	-0.073569
165901454	0.179548
83063967	0.500000
90404041	1.126097
24605911	0.175019
83719423	1.667955
14906657	1.000000
20411696	1.000000
20936009	1.000000
74361516	1.852619
66811307	0.997041
30162506	0.707107
18445759	1.000000
95122899	-1.985475
30766550	0.776826
196834796	0.758640
97599064	-1.000000
97599064	1.397069
46888471	0.068888
103409925	1.319243
60782236	-0.186312
44529314	1.301668
76904180	-0.707107
65500964	1.423894
175732525	0.572533
37975920	0.205699
41514893	1.000000
184645576	-0.571965
22116305	-0.269926
235661647	1.000000
43357179	-0.791006
42825744	-0.305822
100759599	1.492920
33126478	0.271098
233520829	-0.233213
57505932	1.414214
15038660	-1.239285
2047701	0.421078
112949551	0.968434
66681143	1.930254
128809341	1.000000
84076952	0.408248
31422872	1.071798
28932516	-1.000000
102594982	1.164080
17004991	0.750576
11893222	-1.000000
63651585	0.797488
54279950	1.106919
83327613	1.631191
83327613	2.185732
83327613	0.988289
30636688	1.000000
173505175	0.500000
25000654	-0.591285
143358716	1.336688
250837763	0.367616
44137261	1.611662
44137261	1.000000
42040110	1.666056
131693387	-0.311365
131693387	1.194150
27229016	0.938663
88701793	1.414214
34962292	-0.068569
36273048	-1.676650
36273048	1.260048
22772669	0.064933
17398725	1.505364
196443180	2.136573
22379577	1.389737
201626809	0.435852
201626809	0.409157
19758192	1.238027
282033271	0.916862
139887327	1.491380
139887327	-0.707107
55672071	1.414214
69303628	0.955815
58948969	-1.000000
27491697	1.258079
58293672	-1.681757
199589314	2.013502
199589314	-0.502008
20938181	1.150047
37721336	-1.000000
17661436	1.089257
147160592	1.788029
23559714	1.323769
55263157	-0.074385
28147286	0.785926
251100772	-1.000000
251100772	1.843104
24553691	1.964881
40337178	1.414214
38502200	1.000000
29851461	1.089773
18186088	1.000000
134709105	1.671456
137854842	1.504275
30113661	1.309638
46743532	0.975662
45449250	1.371494
25919589	1.829123
113999997	1.000000
183599259	-0.411331
67207336	1.086293
30900444	1.439221
23429373	0.007206
26536661	1.316193
26536661	-0.521232
36143381	1.293594
36143381	1.158116
113606991	0.585819
28385760	-0.083781
15827293	0.139361
19890556	0.809042
30900605	0.963814
30900605	0.937649
30900605	1.000000
26575237	-1.095336
16875918	-1.000000
77346951	1.307988
223603440	1.053404
27754916	1.261200
44532158	1.753091
57115107	0.892741
64061933	0.193733
83116122	-1.000000
60392067	1.868894
23893450	1.373889
16220886	1.000000
19890923	1.000000
20835115	0.832770
164074966	1.000000
101679893	1.000000
101679893	1.411350
103459889	-0.357563
200901453	-0.500000
99582801	-0.085471
96251674	1.210107
78218220	1.586603
52790286	0.984785
35882082	1.253692
35882082	1.050633
37171566	1.000000
153978022	0.607454
29852938	0.577350
23299423	-1.121451
23299423	0.788712
271418796	1.332606
15959488	1.372148
114263567	-1.447013
18974233	1.000000
32212553	1.000000
47417053	1.282237
245073663	0.543596
62228225	1.000000
21333778	-0.420255
34965300	2.449490
26838838	1.069779
26838838	1.174815
26183577	0.641904
36538286	1.423996
15566830	-1.000000
78943913	2.095730
116885568	0.316228
83509601	1.317831
30640210	2.000000
56854625	1.035463
56854625	-0.707107
230856384	0.798237
65243328	1.000000
291211464	1.414525
111249638	1.045182
76999725	1.459248
91308426	0.765778
41781587	1.979736
74025305	0.779858
16877984	1.155970
170913607	1.275668
136677907	1.117694
21727779	1.823522
25791036	0.623515
29455144	-1.000000
63390138	1.000000
245467831	2.038099
131435202	1.000000
111774417	-0.809277
126716640	0.220367
15043323	1.000000
37849856	1.224745
26446617	1.215237
53185306	0.861974
65375024	1.671591
16553780	-1.000000
105726435	1.284187
23169877	0.177380
23169877	0.987111
229358914	1.097841
74943449	1.000000
36670439	1.014333
21119487	2.450886
30247980	-0.675878
39685204	1.000000
27626586	0.723305
25267325	0.985856
200772734	3.242112
191073479	2.059187
25529583	-0.607581
80516995	1.573840
80973078	1.000000
41520464	-1.021608
32345504	1.000000
82021894	0.500000
104304159	1.154591
131174011	2.117535
38375063	1.259814
14519972	-1.000000
173379259	1.566492
49516233	1.414214
30775248	1.000000
129581699	1.500504
129581699	0.809225
42134831	-0.721482
16355136	-1.000000
96571239	0.194640
177835919	1.949394
38637474	2.125152
139193671	1.433456
19632048	-0.086389
183734220	1.138678
204686317	1.524532
30376106	1.000000
31559679	-0.703039
53579789	1.000000
77830151	2.927542
52006977	1.038030
170627155	1.000000
207327349	1.352128
128815241	1.488504
171612188	1.145422
41259206	1.547757
51089613	1.413950
53186833	1.936833
14913825	0.047439
102910079	1.248468
75469187	1.647803
28676525	0.955087
71537163	-0.757049
126785624	1.381789
9146922	-1.385926
22932915	1.542490
9814872	-0.437064
26710669	-1.000000
79139481	1.140337
64983740	1.113314
72237872	0.240427
26973128	1.072542
14521300	1.000000
61969407	1.000000
41653257	2.076165
77960296	0.577350
57644163	0.930651
290690222	3.062803
290690222	2.742397
109155509	0.097220
23696626	1.000000
17100329	-0.279433
26973457	1.000000
4298971	1.308745
72324389	1.136295
41653543	1.000000
18191665	1.149312
97097023	1.000000
49911142	-0.871791
24221112	1.613034
24221112	2.310283
60265930	0.691206
77698616	1.774181
20420212	1.000000
242456205	0.461502
229217950	1.583275
101816048	1.944815
150793857	1.729450
14784277	1.433482
232363813	1.616573
269719523	2.238648
25183232	1.841265
74160130	1.724538
27760697	1.268016
2857041	0.577350
148346998	-1.331510
89233548	0.156039
21469325	-1.268791
123181288	1.439266
123181288	1.083483
188935891	1.996675
67247651	0.808376
67247651	1.155716
67247651	1.000000
18979129	0.443891
138254661	1.288951
17799625	-0.006815
59349461	3.586941
43096557	2.832678
237476378	1.504644
32610859	-1.414214
9891592	1.404523
11115062	1.000000
36018772	1.339735
72325765	-1.000000
16882364	1.414214
34970312	1.252640
27499274	-0.108857
65116953	0.958654
62219741	-0.679658
86874907	-0.500000
83335965	1.878251
67456542	1.000000
86818179	1.093825
20421463	1.000000
15440798	1.482157
40082352	0.973249
40082352	1.323767
123575238	-0.703734
91462612	1.000000
90938325	1.414214
29465573	0.707107
25926655	0.707107
53451819	1.000000
19635264	1.326610
18891959	1.715826
83531704	0.377964
9542762	-1.000000
31169652	0.934426
272079995	0.302730
133405842	0.218105
70311795	-0.122497
61185219	1.410860
47815899	1.501309
17145073	1.000000
53845243	1.333716
231972127	0.799628
58694957	1.414214
68918596	1.104759
62758218	-0.577350
50830670	-0.337533
55287161	1.124240
45194621	0.500087
156212625	1.513737
135372225	2.050641
142974480	1.780241
149003815	1.000000
27648403	0.177096
87595090	1.529466
87595090	1.834335
51355275	1.759424
51355275	-0.113381
21819334	1.000000
36806354	0.771702
183738134	-0.132837
32481116	1.755421
120037223	1.165744
51355500	1.263756
98803625	-1.000000
131832482	0.902843
142450675	0.098650
95264771	2.121529
43096764	0.401689
30688622	0.436950
42573976	1.702621
150315185	1.239502
51749054	0.048044
21995745	-1.000000
40477026	1.332356
70099304	1.814566
69181898	1.366549
148611564	2.229346
21471755	-0.711333
45589054	1.391830
30646883	1.084194
136159925	1.136510
3908281	1.000000
61317820	1.539835
17801949	-0.703030
128033521	3.464102
128033521	1.600157
128033521	2.667767
128033521	0.342992
128033521	3.248453
201302771	1.413870
173819358	-0.984841
97863137	-1.000000
44604222	1.810217
123052936	1.268371
33266499	-1.000000
68527015	1.278835
18695668	1.000000
17671179	1.000000
20816951	1.337919
16753853	-0.443043
35366113	1.000000
56641065	0.462383
57255210	-0.377964
32309770	1.000000
98947266	-0.577350
56862033	1.225319
19637683	0.869967
65512962	1.988473
52930071	0.457266
63022674	1.732051
151758427	4.171046
109028956	0.921493
82945641	0.444496
82945641	1.699052
71935646	1.187238
34973403	1.547829
131704540	2.655179
25798380	1.619790
205498148	1.518670
93955894	1.000000
37332804	1.697592
173123474	1.342766
173123474	2.167998
173123474	0.392521
49784732	1.000000
53192617	1.356851
133015489	1.793259
128427971	1.526068
103786459	-1.054824
76785690	0.989956
59615313	1.000000
19788140	1.000000
19900561	2.196314
143501513	0.835429
74295507	1.134755
23701826	1.382480
103131478	1.818878
14304997	1.949816
128428423	0.929047
128428423	0.885982
112306574	-1.741384
22784403	-1.000000
130525613	2.079497
17672640	1.365496
115845638	2.164151
162769425	-0.566100
157133355	1.817208
81111601	2.418677
56978081	1.000000
29993563	0.142723
20556395	1.828854
58436256	1.490884
29924467	1.012817
78490318	0.976069
43494153	-0.830105
39263872	1.444700
45722411	1.000000
21211954	-1.000000
66431833	0.048922
225160089	0.508972
42838973	1.910337
80849872	1.653431
16624609	-0.272730
17950555	1.000000
90851138	-0.577350
239709267	0.707107
41732833	3.204235
52931798	2.309291
52931798	1.830300
52931798	2.871648
91860184	1.580637
73379044	-0.444148
241365548	1.066586
50572563	0.136015
50572563	1.296413
238398771	2.362680
54111567	1.400053
95941177	-0.171049
37727623	1.830074
32283889	1.000000
83550201	1.469214
40218053	1.661617
33009112	0.023021
23834125	1.337400
110079505	1.115998
53639256	2.152862
229918639	-0.333203
28570202	0.600641
36548174	0.792040
36548174	1.874424
56602197	1.365016
78491292	2.388091
48737955	0.713769
45718812	0.963568
32616136	1.451139
40873778	1.414738
122531637	1.000000
63024954	1.404574
111102540	1.626271
39825235	1.408646
177057633	1.561180
37203851	0.049963
239579053	0.707069
14790580	1.956059
116764764	1.538347
217034859	3.913912
54767834	1.511335
28160264	1.494675
28160264	1.550896
17560293	0.608604
17560293	0.747081
17560293	0.519582
79710269	2.219919
51027350	1.683039
166834645	1.480393
238268911	1.488988
182170181	1.360772
33704040	1.175224
33704040	0.613503
83997322	1.626489
35500707	0.770913
133804724	-0.339560
67345871	0.546525
165262102	1.284934
184136493	1.770643
81376120	1.473203
81376120	0.982824
112281000	1.743400
83511462	-0.340295
55920808	1.105186
139179011	0.811804
178500629	1.515921
106912643	0.885065
29575365	0.723041
29575365	1.471135
138785952	-0.087554
186102975	1.357425
74036436	1.460637
18855155	1.732051
14529852	-1.000000
85976048	1.174405
46380362	1.387062
42186066	1.000000
249536062	1.395043
131446177	0.698098
76527024	1.462989
160013896	1.690090
140621234	1.265908
188331452	2.236068
62240192	-1.000000
84653516	1.000000
59094504	0.816011
149665263	0.630889
98678306	1.000000
76630278	1.677984
69842517	1.218334
65648267	1.383967
48739989	2.236068
33142463	2.032776
97367826	1.414214
33928990	-1.916226
154263349	1.059109
48346964	0.724221
12564332	-1.000000
109819841	2.157035
58455041	-1.000000
8472922	1.624255
48609331	-0.699258
23967831	1.000000
142981270	0.523355
22395058	-1.561994
80336208	1.332271
38385880	0.664902
98154719	0.923114
129087725	1.408158
40745230	1.102070
17021236	2.209511
64993642	1.523056
18652909	0.608470
84785690	-1.000000
275102315	1.877076
22657675	1.000000
29604548	1.599440
29604548	0.242137
97405388	1.422943
37731022	1.403023
18463477	-0.845040
28818175	1.062776
28818175	-0.105768
38648584	1.489325
37600040	1.360001
29735857	1.092775
31570877	-1.390437
38124530	1.732051
15186946	0.225697
45857868	1.627876
49542331	1.772991
15114101	1.414214
17153248	1.238219
123845870	2.067485
21099731	0.419177
38124937	1.327162
60669376	1.025096
42450371	1.893647
25512536	1.597891
15267753	1.271409
18522031	1.675909
27456783	1.922691
48479838	1.302370
100253306	0.451264
57392779	1.575697
2211491	0.713208
160808657	1.134741
20692696	1.960334
34062100	-0.335969
61062953	0.625166
158056341	0.995273
74170322	1.732051
26797608	0.155084
9544662	1.000000
17145866	0.857759
17145866	0.776024
39436377	1.000000
17940579	0.394736
187285623	1.923151
33407119	-0.240826
127268217	1.752435
41664754	1.000000
174519171	4.072510
149274942	2.090066
22397281	1.490763
40354154	0.707107
118604189	1.001428
16496800	2.040054
16496800	1.545655
105234880	0.295851
44417493	1.633077
44417493	1.907804
153002065	1.370226
72767322	1.015963
227656246	2.055036
36946489	1.414214
132235946	1.743050
74040050	1.278066
122274572	1.123902
79979315	0.607928
79979315	2.118482
49267519	1.000000
82969014	1.191199
39306116	1.000000
15451018	-0.916236
98550685	1.934361
98550685	1.704320
20968944	-1.378189
31048624	3.428572
108119014	1.000000
15582186	1.173241
21691154	-1.000000
14795773	-1.000000
254919725	1.544345
207287816	0.586317
36107786	2.206198
55428165	0.778545
55428165	1.308292
152892940	1.538716
16237700	1.000000
182043853	-0.537498
30131414	-1.000000
19985958	-0.017131
35112178	1.683172
68198613	1.004859
16368923	0.928511
84002105	-0.200519
187680070	1.000000
46515559	-1.000000
96060621	1.484847
10208632	1.209726
25019797	1.099158
41403870	0.632456
77055501	0.911153
28034636	-0.249739
107607653	-1.000000
14272096	1.110107
20170347	0.667470
38095814	1.717209
130523427	1.602254
179029760	2.548947
33015613	0.900373
172607327	0.514708
40224692	-0.273574
49530814	1.732051
51759080	-1.000000
145999856	-0.072143
111527938	1.205997
147965968	1.682882
147965968	1.096624
94619684	1.000000
65914957	1.375176
40880254	0.049599
69191820	1.174370
110872736	1.669672
254032067	1.012509
137611440	1.685682
50579666	-0.364435
4049121	1.017621
23709993	1.290757
61368800	1.572071
50579770	-0.312660
39176518	2.119981
21481873	1.414214
53675912	-0.047123
134334876	2.397768
40225184	1.439242
191362800	-1.000000
191351209	2.222293
102877626	1.860318
119523774	1.000000
123193806	-0.500000
104025173	1.674461
107695190	2.449490
144165402	0.957524
113363601	1.857074
80595648	1.949114
326224644	0.706169
31586092	1.566801
31586092	1.049845
101316402	1.404062
101316402	1.585769
234201610	-0.707107
52601359	1.852097
37997720	0.429646
28069062	1.575599
28953791	0.067850
15191248	0.095373
29183198	1.000000
53464389	-1.138638
36425034	1.364260
17812869	2.388839
17812869	1.414214
15322509	-0.707107
34852244	-0.707107
44289512	1.000000
279039511	1.186505
34557198	2.603194
56217221	1.632591
29467268	1.517356
171429731	1.190491
7327602	-0.972547
242208643	2.897542
96718728	1.207294
78237671	1.414214
85839856	1.000000
114413568	2.075973
42455080	1.433073
31149406	1.248256
218615901	-0.499803
234213474	0.698257
16240749	1.630546
116772975	1.441582
26071174	1.408855
34328715	1.658779
195416220	-0.078709
195416220	0.602599
195416220	1.743900
18469059	0.367583
20828409	1.712395
28823836	1.459966
50712875	-1.000000
49795404	-1.411720
42586447	1.301359
24629692	1.191382
35246527	1.000000
30396870	1.000000
25416157	0.393859
25416157	1.987788
54120930	0.465443
92010582	0.962499
43242072	-1.659047
192870500	1.248135
6017652	1.000000
87901053	2.191587
46650059	1.000000
18076381	0.770819
20566756	-0.424349
46387944	1.471268
205247237	1.496013
145871627	1.000000
31970067	0.821941
52548378	-1.000000
52679459	1.190868
52679459	1.368330
79680303	-0.982652
48878386	2.000000
113234795	0.917635
24236960	1.000000
117429174	0.766650
53597210	-0.513691
53597210	0.930062
168940617	2.090346
29882553	1.000000
160814190	0.209407
341955702	-1.069283
57660539	1.221789
19649720	0.790619
19649720	0.707107
15324353	1.526521
15324353	-0.484346
15324353	0.860502
15324353	1.841054
122148083	1.268783
24630695	1.354192
121230842	0.505809
39179777	1.000000
51238405	1.127409
73258515	-1.226183
45305436	1.000000
96065075	1.000000
51369546	0.820790
15717966	1.000000
84006505	1.369185
31053460	0.704036
74962595	-0.773442
43636413	-0.500000
164484816	-1.000000
63297234	0.115488
38808964	-1.797334
85972770	1.763999
85972770	-0.355331
22733696	1.180114
16098278	-1.000000
100259694	1.459121
55170935	1.032372
56612746	1.433060
41277324	0.707107
20830162	0.536253
110090197	2.361972
144824289	1.413376
81041563	1.047576
18339840	1.830546
304207900	1.394322
27610802	0.333333
128440367	0.714851
152164412	1.799105
155703432	1.338900
41912152	0.550489
41912152	-0.554261
43767970	1.000000
43767970	0.761415
26597562	1.157757
26597562	1.170046
26597562	0.809496
34986174	1.457795
14416248	-0.646441
29219038	1.493159
99604710	-1.106588
43505901	1.381114
43505901	-0.339967
43505901	-0.753834
200268025	2.137973
30712875	1.347354
86360431	0.792678
130406766	1.042297
50583929	0.896270
149150136	1.539940
30661066	1.514895
27646522	-0.955711
84496144	0.439086
197108839	-0.735012
94493329	0.937077
21879022	1.784777
38118516	0.627922
106683106	0.453464
23321344	1.000000
68511858	-1.641225
59366191	0.700708
31972165	1.000000
132504404	0.514366
98425740	1.776035
14940653	-0.183797
74046353	2.194573
74046353	1.260060
89250722	0.668912
15064000	1.355754
171695041	1.479002
34200517	1.227875
36111734	2.010638
36111734	1.224745
67230730	1.128872
37900121	0.720634
17554494	1.697603
210099299	2.333465
18341050	1.378517
72473833	1.833846
81124608	1.000000
29089034	1.231115
48749846	1.307653
21093724	1.714951
143777126	1.414214
28695944	0.750541
28695944	1.555918
28695944	1.198019
72306585	-0.199531
154263002	-0.282465
154263002	2.213076
155049451	1.708670
75488798	1.233396
40492596	0.623775
33939059	-0.365941
33939059	1.199631
61202049	1.414214
51633796	2.369424
126475932	-0.248851
88573291	1.961819
36298446	-0.316228
285990660	1.713138
61595433	1.380748
31317823	1.616903
45473600	-0.447214
20904587	1.303126
25251815	1.892033
67413319	1.075666
66445233	1.386737
26730449	0.769555
23715821	1.398329
14409841	1.125837
131457140	0.454622
24443600	0.873510
31056141	0.946706
36823327	1.000000
32497964	1.007938
58431935	1.126356
58431935	1.414214
16376137	-0.555976
277733721	1.848370
40100232	1.241965
14279051	-1.000000
29614483	-0.740025
47833517	1.078986
44294647	0.412783
59003694	-0.141958
27648531	1.414214
186376822	1.000000
50586327	1.612024
80208754	1.331495
75514687	1.928223
16638888	-0.758600
240581449	1.146991
34857931	1.394349
206169064	3.223824
36299763	0.884551
22275067	-1.273891
134734870	2.204188
124904501	1.159180
124904501	-0.033747
37741632	0.442218
163532987	0.736228
75889519	1.268997
35431973	1.404094
23717164	-1.226868
23717164	1.465427
107210056	1.085439
159769949	2.033610
159769949	1.000000
25027937	0.899372
25027937	1.512947
25027937	-1.414214
25027937	0.205352
36458727	1.000000
27649434	1.359638
35251621	0.791610
37873098	1.087522
6546932	1.000000
148629016	0.707107
14935590	1.729309
104982090	1.237529
149022283	-1.000000
44820075	-1.367613
54519409	1.859621
116123273	1.421668
149415657	1.000000
18998543	-0.615143
33154807	1.000000
29222667	-1.000000
19130145	1.721430
30254731	-0.107232
31057749	1.807138
23193457	-0.563077
14804858	1.355913
209910763	-0.667641
15853454	2.305410
100788123	1.578151
99681462	2.013227
106293214	1.000000
71559198	-1.000000
17557592	1.864964
34859135	-0.899294
69200043	1.200487
60418229	1.414214
39839961	-0.408248
28305661	-0.500000
50587976	2.343415
50719094	-1.000000
50719116	1.453101
25422296	1.176152
95994343	0.981022
48884253	1.474641
182839842	-0.500000
49146431	1.286562
111536724	0.715435
36301401	1.830283
13363802	1.567362
16378523	-0.541107
20703927	1.000000
20703927	-1.000000
67889912	1.688529
43510547	-0.045461
55044886	0.917774
36956954	1.370729
44559171	2.469023
114446823	1.211227
34728904	2.682518
107473900	1.380939
28568585	0.794862
81489793	0.500000
44166338	0.568433
162004171	2.021126
20025129	1.506890
37201792	1.196205
112917719	-0.707107
192146734	0.987044
48491830	-1.000000
83357046	-0.029529
25554330	1.000000
49016246	0.223400
69201337	-0.140227
45870526	1.000000
18214340	1.799572
203550194	-0.167970
203550194	-0.357701
301985306	-0.064261
33156635	1.319011
81784358	0.791853
62910003	1.571529
62910003	-0.258634
95153766	1.870047
175107723	1.415068
24374938	0.742614
149024446	1.487076
102100674	1.764652
242740940	2.312111
38137551	-1.154571
15068901	1.000000
27782912	-0.249077
65269519	1.683198
69201784	-0.579560
10350472	-1.000000
260960172	-1.000000
38163106	2.628181
100659191	2.051289
100659191	1.098720
14548310	-0.114209
34467864	-0.474663
14807096	1.000000
82178106	2.149222
22016162	-1.410113
15069348	-0.716126
166326453	2.143752
166326453	1.163724
166326453	1.123067
24838355	1.547086
157282530	-0.585058
34206009	1.000000
94892376	1.000000
68153706	0.707107
71561655	1.000000
90067707	0.416198
53080591	-0.493261
43250252	0.050345
29487706	1.032035
28832387	1.000000
28832387	1.602506
81607687	-0.557341
63566529	1.000000
280490725	0.477474
115602185	1.648457
50721558	1.000000
49148696	1.795833
99611488	-0.019276
77579241	2.122758
77579241	1.290994
73989610	2.114834
93713400	1.326970
61338635	1.335690
83620902	1.481949
126612558	1.437270
126612558	0.789462
149943472	1.836756
48886979	1.000000
45479217	1.732051
100922684	1.408724
244577608	2.436743
72480135	0.707107
26998252	1.000000
49806930	1.638421
20182515	0.451159
20182515	0.179546
20182515	-1.000000
14220897	-1.477801
44223820	0.815157
44223820	0.178213
30275195	0.988866
45610634	1.000000
43231520	2.059207
17692376	1.000000
74184436	-1.465232
235534106	1.449716
72873756	1.234524
15182141	1.148314
38949864	0.242819
56620914	-1.604122
92927908	0.390772
37353396	-0.485178
39712705	1.353674
240908259	1.414214
48583681	1.326161
48933207	0.287554
17299491	1.000000
20576302	2.074212
44169305	1.555360
164886626	-0.435377
30668906	0.815871
76413039	1.414214
233175164	1.389308
50985146	0.941617
31324352	-0.646251
16513241	1.000000
42596678	1.973951
7469392	1.000000
91487971	1.000000
233437556	-1.000000
70384025	1.000000
67631699	1.626653
44694125	1.917273
2357911	1.067457
60291794	1.993016
34470661	1.000000
28834648	1.120102
28834648	1.321716
76020603	2.000000
30276489	1.352545
130459838	2.679721
119405459	0.915179
130677681	2.168963
187038700	1.274056
62040581	-2.314509
63437912	1.000000
35912801	0.424784
18087024	0.772221
8649852	0.107116
28289563	1.358702
29621443	1.000000
21495673	0.832126
81132837	2.114059
21757225	0.370774
68156753	1.503312
68156753	-1.786267
68156753	1.152898
25951626	2.001249
125894551	0.978861
73137584	1.000000
58195395	-1.000000
101973536	1.581139
64880259	0.707107
95288993	1.000000
58719924	0.064775
79779107	0.862750
52690735	0.533957
103626800	0.844692
14155631	0.918399
166723451	2.082012
96303136	0.966637
66584500	1.478741
16646082	1.714344
23855095	-1.341338
41418723	1.000000
38797286	1.000000
249692141	1.475851
42860530	0.645381
41921193	-0.896918
