78119083	1.237505
21496049	0.721381
165341131	1.206834
29622885	1.009395
36307649	1.255273
97704280	1.000000
81790949	1.000000
39193051	1.254979
14682615	-1.156518
32377351	1.138790
20581070	0.961877
36965103	0.577350
29362936	0.956404
39587191	1.225544
613	-1.093311
60559621	1.978214
246026705	0.731650
39588431	-1.000000
29758045	1.365810
28028373	1.000000
28578930	-1.887295
21632135	0.706594
20977258	1.236185
15865951	0.991815
37361889	1.000000
34478368	0.954868
15473211	-1.000000
76946022	-0.397092
29891683	1.288540
168566321	1.719050
8658482	0.756616
50208331	1.599789
42999487	1.570825
26877734	1.017057
41558400	2.225170
4071981	1.000000
20456390	-0.998905
30812487	1.933900
74734681	0.505570
28715908	1.378120
21900252	1.562939
43003051	2.031235
53882351	1.678311
14430155	0.041164
31338544	0.972221
51261709	1.791640
38154932	1.014230
22655845	-1.000000
21902667	1.086256
46413160	0.427132
138950062	1.414308
37108555	1.485552
68042516	1.382754
76563078	1.868246
65815940	1.603955
88343621	1.307647
70403655	1.402174
22038179	1.413813
26102542	0.637171
77745141	-0.190338
16911575	-1.906335
48254362	0.857973
73420812	-0.048675
35524058	1.875405
54940572	1.309968
233984969	0.034961
17192765	-0.345575
54680818	1.083456
44195073	1.504523
80371261	2.156622
19291948	-0.408248
67920551	-1.000000
87494793	-0.661057
16235316	1.193992
140666155	1.077310
27813398	0.939786
19949818	1.000000
114977052	0.901545
17984040	-0.190218
44985174	0.726422
51801214	-0.076187
88108748	1.025747
22442147	1.082963
72129046	1.989362
24409358	1.440041
24278415	1.434796
55735722	-0.297327
15253246	1.000000
129329609	0.617349
32537424	-0.377964
89947056	1.239769
17700083	1.349755
42892766	1.573031
313818659	0.138675
38567595	1.050414
30441282	1.280722
22708275	1.753956
19169407	1.414214
14844627	-1.982165
160809088	1.000000
160809088	1.672832
14975777	0.834502
103667204	0.580426
103667204	1.441138
81167312	0.639487
175277540	0.796049
54859349	2.588136
25069540	0.865579
125864009	1.250051
44862309	0.904462
51416299	0.953336
19303883	1.019619
19697537	-0.648975
90476551	1.414214
36597363	1.000000
191665871	0.216521
19306913	1.312935
56270173	-0.801190
111582767	1.135795
21798471	1.000000
18259532	0.646009
95199064	1.000000
109617806	1.284118
22979425	2.377563
18785366	0.137243
71474804	1.547835
141338508	1.000000
141338508	1.630654
133343568	1.189315
40413530	1.592863
66759122	-0.404260
146188878	-0.181891
782720	1.373809
34173722	1.454375
80879092	1.584605
164410451	1.446095
25212095	1.140667
22590832	0.683104
65713544	-1.057013
60995118	-1.000000
110933966	1.196981
29931479	-0.858405
27917049	1.000000
202816112	-1.026555
46840549	1.226315
39238385	1.502251
25344905	1.072256
67288194	1.994071
19709083	1.037712
16938216	0.518012
9467132	0.944380
24977389	-0.683028
18661340	1.044526
68075736	-0.559228
140427543	1.843825
33211016	1.135180
8439562	-0.577350
43698282	-0.142908
67946817	-0.294046
29021439	1.058035
17354679	1.181125
21811178	1.504730
3986141	-1.673454
15191532	1.000000
34788785	0.933377
19322347	1.307844
16178054	-1.000000
67689800	0.191968
102857294	1.365177
40183037	1.088791
202038845	0.865386
62709437	0.959553
30964705	-0.547098
144892093	2.018672
20374068	-0.642966
30336859	0.707107
27977768	1.498321
64809145	1.049264
16182468	-0.726586
53144919	-0.102556
32144723	1.474257
8486282	1.284782
45281671	0.780385
20115971	0.990399
91033239	-0.378092
28898642	1.623676
96191764	0.888466
15005368	1.249591
21690425	1.000000
29555251	-1.331056
144374771	0.080752
35060870	1.414214
183565621	3.000000
24575545	0.147615
26705895	1.559363
20250828	1.580925
83558926	-1.226897
55116647	2.000248
18547683	0.729447
9635272	0.229486
119080732	1.458404
14616750	-0.024431
45287686	0.064636
120654978	2.573185
12651842	-0.013701
77008649	0.447278
18288780	0.810368
25760828	2.324054
35722956	1.645898
23403653	0.807005
201426155	-0.142402
331554240	1.005127
7413302	1.428801
18947736	1.491573
17375499	0.707107
62857635	0.237502
213197946	1.692660
41103567	1.088226
16571357	1.353666
35727191	-0.057816
39659512	1.307908
50145568	1.974073
34023740	-0.294674
2697911	1.004883
8727662	-0.918863
34024687	-2.166848
91696834	-1.268650
40448109	1.160385
31273155	1.717843
119878434	1.096896
106246985	-1.000000
157496166	-0.179605
21312619	1.594200
200619914	1.564431
41891959	-0.241701
87636213	-0.165275
54868922	1.063414
158285155	1.414214
34685126	1.238349
37568918	0.838269
26559461	0.707107
38093881	1.775848
14763630	-1.321780
94095585	1.092860
58149266	1.840769
162876026	1.362717
11619622	1.036974
38620626	1.575617
6377052	-0.215526
55267093	1.118394
61427759	1.219027
137450340	1.000000
135353510	0.263119
18306822	1.737815
89908274	0.961000
15162076	1.103190
1893561	0.868553
28269859	1.070525
151608779	1.000000
32333276	0.738558
23158244	1.522378
45965352	1.542041
97335994	0.418563
37053342	1.078034
57762724	1.959563
50084724	1.937756
94463198	1.442560
46753368	2.017737
35350155	1.577971
122775777	1.364384
19098143	1.373340
26011460	0.438070
20018963	1.956038
147814497	1.790853
6257242	1.132607
33972296	1.431312
116492287	1.132129
57375928	1.000000
25133045	0.992617
23036413	0.502680
67780792	1.912665
69436773	-0.754296
15041958	1.610470
45713165	1.000000
23169108	1.459663
103778600	1.110739
23824681	1.072272
80579070	1.323154
49889762	0.815314
22777331	1.472697
63409854	0.470647
14520056	-0.483146
6656282	1.333428
42570404	1.564663
44537554	-1.273482
52533767	1.332493
30491884	-1.000000
95264771	1.205665
22518487	1.499730
90161463	1.000000
23438208	1.870863
37987690	-1.000000
26953485	1.196412
26269322	0.606943
251269094	1.295371
67743132	-0.010230
14397099	0.886253
163688120	1.684788
134345408	-0.225221
20558181	0.621906
28946875	1.000000
25015119	0.528976
49231141	0.918104
19248383	-1.369595
37992135	0.441436
20297636	1.152729
24026819	1.674050
235124996	1.925011
15973222	1.403723
52935821	1.259724
51887299	1.285230
14925774	1.000000
79486099	-0.130149
79486099	1.000000
117293129	-0.582216
29082041	1.001032
42582807	-0.358532
42582807	1.379733
77141418	1.414214
122721074	1.000000
37734117	1.028527
66177088	0.884492
35506396	1.537054
216648920	-1.299154
42978834	1.419724
133472895	0.307056
46387526	1.000000
15454585	1.018981
33804739	0.846061
85185663	1.000000
60938347	0.315457
20205387	1.062306
27778560	1.221727
100584459	1.414214
92659965	1.003983
33006995	1.182072
54774474	1.338158
36613707	0.855325
50243046	1.894621
16901171	1.565533
23324158	0.723669
52291216	0.917808
56749178	-0.254557
56749178	-0.349254
129101081	1.521693
38531022	2.077551
54442941	1.304592
16381494	1.783063
16381494	1.674593
34862919	1.806755
23852922	-0.198591
27392624	2.015973
31980339	1.760147
59112245	1.419576
7732082	-0.500000
16947404	1.138382
155188502	2.323589
28966228	0.943082
22281573	1.283341
50200114	0.152671
147062804	1.473749
33816611	1.645841
24379591	0.864090
47688408	1.051423
169607467	0.994940
169607467	0.992741
22544745	-0.342176
30802315	1.575372
61079978	1.866585
20054483	1.000000
19399147	-1.000000
23462464	1.998601
58720955	-0.478551
133432059	1.000000
249299740	0.144543
164627237	1.798909
41026386	1.008650
124912472	1.116190
23331682	1.357517
60163081	1.085494
159777816	-0.377964
112591932	-0.816235
162399315	2.211394
108135652	1.972722
80086299	1.715363
46925101	0.157841
85227352	-0.084102
103679313	-0.034279
44434832	1.533950
44434832	0.533219
34342291	1.768273
27133364	1.261575
1495	0.892663
23310953	-0.425130
99091960	1.209078
98903762	-0.418641
82708102	0.956040
34342652	1.019264
115725316	0.403390
68028221	1.564850
56494132	1.991494
21366842	0.201043
88868969	0.556729
327964356	1.584820
69601501	1.768399
33818936	2.121871
59378025	-0.061842
27134317	0.887695
19925377	1.442390
22153608	0.255353
140633655	0.122213
56973042	1.163505
39193051	1.265323
78776945	1.483353
14551761	1.195761
31066848	2.155439
28838632	-0.620097
66063094	-0.012511
92801842	0.855175
19663669	-1.586142
94374817	-0.026082
36834271	1.360364
24251451	-0.871699
15207485	1.157860
112856152	0.550553
60820576	3.057774
30936419	1.414037
66063768	1.261320
25734384	1.340892
27266493	-0.517415
87559734	0.172401
36572747	1.567940
79957647	1.494382
173543144	0.930233
77074167	0.253692
134745870	2.546101
134745870	2.662337
16125720	1.980756
15729304	-0.165198
54923181	1.694830
92016635	-0.146544
17043542	0.410609
275124337	-0.227891
163975382	2.057497
72356100	-0.135817
60559621	0.031809
23728390	0.661180
8655162	1.000000
94245188	1.322955
80525778	1.323609
55185809	-0.738720
42471900	2.035285
45486586	1.697528
177607163	1.383222
89395732	0.827689
168297227	1.243664
19010136	1.000000
28709468	2.236068
26088071	1.156475
15471280	1.000000
118756151	1.078066
69163150	0.951189
69163150	1.363933
141300603	1.396881
45355966	1.486637
23729105	0.887830
15511041	1.783775
37884940	0.881580
134616102	0.794084
39589026	1.819037
5295	0.291617
34346229	1.000000
49026341	1.533058
28710284	1.394881
59048863	1.467221
49812930	3.153897
175773155	1.299443
95819245	1.249596
117184063	0.093820
126883405	-0.119138
25040549	0.973323
42342106	1.322534
108402445	0.040823
107484972	1.843460
124262311	1.816877
52626437	0.999781
132074955	-0.365504
38148187	2.309371
95819875	-0.707107
91494557	1.349941
21371073	1.121012
24254671	2.541092
29366488	1.652226
14948574	1.220014
32119056	-0.021683
114956568	1.318914
16652596	2.178694
246176137	3.021741
32250195	0.705853
99215419	1.355363
15576817	1.085637
108009918	1.421074
30153155	0.141231
28793250	1.188055
86252311	-0.707107
27925325	1.744237
27925325	0.902919
27925325	1.345136
29629289	1.992330
74620437	1.223561
30284659	-0.538834
245111684	1.810063
132783147	1.210842
67247244	1.196004
19799211	1.915022
75898099	1.160319
218766596	2.149359
15342873	0.494598
116174728	2.054108
15867247	0.654282
27133170	1.863855
83607261	1.094745
203840080	1.556479
47586804	1.871833
32266849	-0.094284
111025812	0.055755
27270821	1.693984
61945900	1.284575
15343382	2.508982
27139976	1.979153
27139976	1.769638
32813037	1.090497
58728349	1.453173
75636644	2.361291
56237990	2.022598
93331439	1.691166
113254431	1.885845
85729316	0.013196
96230070	1.697802
38019179	1.607604
63840435	1.646341
56631494	1.000785
101064905	0.376369
25043170	0.560151
17965340	1.219324
25305422	1.429604
41558400	1.357293
28713451	-0.840640
153574162	0.792835
19989952	-0.523098
83712792	0.210303
126755483	2.249185
14164641	1.288625
170533538	1.448690
84288218	1.850041
34451584	0.942012
145892170	1.602247
35915253	-0.227474
174895363	1.063489
42476573	0.332809
298853449	0.232691
69215355	-0.605416
69215355	-0.087080
21111933	1.267503
31335552	0.190691
21898381	1.013606
27272357	0.919213
200549624	1.711433
44442974	1.000000
103024197	1.184702
33433039	1.380227
82191834	1.942939
83502564	-0.183158
67511793	1.213037
347088406	1.729509
75507248	2.069274
152053306	1.636517
206317165	2.551740
18622086	1.307747
30549739	1.260202
19801840	-1.499877
34350835	1.932605
34350835	-2.537288
17311480	0.159712
8136462	1.072129
70657876	0.258598
51521387	1.268688
47851447	1.029735
207576081	1.618334
50210948	2.114647
61876379	1.438802
188885193	1.695832
189925073	1.841169
72918390	0.377964
35399973	1.889300
81785411	1.392506
24914307	1.000000
108145031	-1.753131
20720050	1.967914
10711	-0.560036
16919015	1.033987
36710893	0.547167
18754059	0.977830
108616803	0.834787
106965641	1.965869
192740400	1.792536
94736645	1.654616
106179381	1.374415
35138434	1.167270
17181589	1.543292
79373539	1.055714
52745602	1.600512
41298968	1.657557
41298968	1.031786
90179418	1.490153
70790271	1.678466
26488068	1.414214
40774939	0.845619
51653948	-0.672076
84128318	-0.092420
56634794	1.000000
20065771	1.315239
95563300	0.903900
8924722	-0.002524
217984639	1.089110
95170226	1.077081
16040012	1.091502
14954345	1.054615
58208108	-0.500000
43265915	-0.137085
58470269	0.785004
95694722	2.449899
21293564	1.693916
17575919	1.025279
96219123	1.220669
64368756	0.499893
129249450	2.361527
207237316	1.304108
207237316	1.073434
118894831	0.941425
23998709	0.975908
127414550	-0.379940
799067	1.000000
138555748	1.883860
27930985	1.087242
169357701	1.319118
29110683	1.302102
22950357	0.915240
86651351	0.687355
82850265	0.923362
203043315	1.355948
30290470	1.240695
51130990	1.314713
24916635	1.623328
82511984	1.414823
20460210	0.993542
22295229	1.341071
20853503	1.236151
22819668	0.461410
46019428	2.793719
17052517	0.887141
50607004	-0.440075
37893035	-1.000000
208194531	2.052991
17314931	1.464593
100676744	0.774828
26304023	0.958659
26304023	1.486348
26304023	0.962783
44053675	1.011510
66598081	2.508999
28325091	-1.271667
103702056	1.580436
103702056	1.775123
24261890	1.694595
34485511	1.883945
25441553	0.542348
27538770	1.873413
65025375	1.115575
22655910	-1.053531
75904504	0.714496
44840592	1.175040
23606933	0.388115
126367414	2.076480
37631701	0.640833
47986395	1.888232
148911869	1.000000
112211819	1.806426
42088324	1.000000
52443015	2.264198
94964037	1.820794
669643	0.353553
95532032	0.872894
97120515	1.328869
16660514	0.166171
60962858	0.209057
20592706	-0.143370
125974695	2.015819
34486440	1.361102
18888881	1.445776
23083274	-1.372789
32520481	1.519090
5126491	2.298466
88226173	1.802802
108149147	-1.000000
62667167	0.941835
47462831	1.147195
27199908	1.219266
27671008	-0.357406
36190693	1.000000
208812527	1.733282
43562069	1.433372
127548033	1.000000
76119898	0.810480
100154035	0.950839
23214814	1.000000
24884355	1.974660
21642088	1.273038
140009278	-0.333333
38943606	-1.000000
58473370	1.388941
58473370	1.533422
87964596	1.566544
147340246	2.016008
199113828	1.679481
190201032	1.534492
22166746	1.413650
16006366	1.295258
22429005	0.046814
72629673	1.479067
37240291	1.561391
92814824	-1.609508
78679735	1.223727
78679735	0.287752
24002089	1.768325
67518000	1.960105
52444731	1.603580
52444731	1.353172
127549001	0.710285
45235820	0.796428
22036243	0.494123
85081887	-0.116137
39206787	1.769626
45367252	0.455029
24920110	-0.455459
20070467	0.922894
68698199	0.741379
68173933	1.414214
66076922	1.891679
65683822	1.252069
57033078	1.182725
156516773	1.867524
20332971	1.474733
15360072	1.060254
115884494	1.696298
53720488	2.222085
14565882	1.015365
17056265	1.262080
49824349	-1.636736
35144291	-0.295857
15614692	1.331079
285885166	1.236485
75121409	1.405837
25969416	-0.297458
112083728	0.824970
25445213	1.168226
25445213	1.584625
24789864	1.077258
133055405	-1.244173
54936516	1.274737
79446981	1.540943
29210106	-0.268182
51135477	-1.950835
96748713	1.107549
84296904	1.609260
35669195	1.947687
43533552	0.030725
36324668	0.320825
304235903	0.837597
304235903	-0.097648
76957075	1.270762
88343621	1.611143
17974696	-1.000000
36718027	0.959422
262686177	1.512287
191514238	1.240318
189554970	0.777959
22038179	1.519153
41830075	2.236671
59000613	1.836850
135808851	1.607512
25315167	1.585199
22955881	1.328827
22955881	1.016145
19947853	1.547578
30820315	1.286992
109725717	1.317757
153794229	0.384946
7474192	-0.981050
88099131	2.151826
85477723	1.105265
195256731	1.756221
28461531	1.403599
15394293	-0.294410
30558707	1.250623
34228854	-1.808214
62409346	2.435023
27047702	1.690734
97143523	-0.197614
70454414	2.112748
70454414	0.319580
171330391	-0.408944
171330391	1.216547
15223657	-1.480615
43535293	1.097423
107498470	1.514737
3558391	-0.657988
30690351	-1.568962
6425782	1.693049
103042211	-0.000210
61754574	1.612110
245255438	1.414214
55201093	1.000000
29511155	0.974893
35016360	0.792924
16142270	0.780139
45502489	-1.128442
46289037	0.831306
15819466	0.602119
67260683	0.605865
55071085	1.573626
55071085	0.477229
24426560	1.170045
28201401	0.219809
83015754	1.540895
37638617	1.000000
22565360	1.331213
153244186	1.922892
161894964	1.378431
27546172	-1.119038
181949023	0.604575
132403889	0.605042
235430686	1.309534
235430686	1.295724
266621685	1.911633
266621685	1.802611
58479372	2.441763
103043937	1.342448
256267115	1.773115
18240421	1.013239
233984969	0.854883
141841377	1.705806
82622631	0.399186
72093185	0.141885
62280820	0.151433
96097411	1.772277
65539609	1.004746
12735692	0.538171
33445081	1.519404
173561056	1.899988
30954810	0.908007
30954810	0.974539
166221138	0.894238
56513891	3.191956
1904201	1.434298
91353380	0.701017
54810161	-0.124255
311973445	1.576606
163599953	1.234807
228218451	1.862322
100120854	0.788194
102327234	1.246211
14833419	-2.295914
35411727	1.409827
29251354	0.867361
24077286	1.275989
75519856	1.596274
46159770	1.298397
37377963	1.439786
134371286	1.829509
17586160	-1.301229
287201393	0.229416
26237058	0.953173
26237058	1.414500
26237058	1.461502
62019748	1.870331
56514748	1.000000
116939005	1.626297
36722964	1.414214
67262898	2.058920
130177462	-0.444808
27417113	1.332312
11950672	-0.461472
203709112	0.979554
20339406	1.656687
14179044	0.976003
14179044	2.926866
7625482	-0.099223
94657418	-0.624606
94657418	0.588777
34495393	1.129314
113794004	0.577350
64773302	1.517447
108420284	1.384338
32660767	0.385433
29121875	1.461251
131882459	0.961904
62414469	1.324403
6446742	1.764485
31481576	1.877513
233070323	1.877338
25321216	0.791756
154558213	-0.146368
282091303	1.580189
120348581	0.821011
16539580	1.000000
26852004	0.403014
74080240	1.005964
15360086	1.095473
29909174	1.414214
35676441	1.283647
11821372	1.090805
252099315	0.920760
252099315	1.673401
252099315	0.904673
252099315	0.776811
31351262	1.518515
24907861	0.768064
28598825	1.344172
53874784	-0.333333
41968228	1.007579
74358306	3.151905
175923901	1.000000
29123302	0.476113
287859437	1.666373
241363181	1.264673
39478113	-0.041214
39478113	1.283211
180642673	0.174041
15492050	-0.959515
15492050	-0.314242
63333414	0.626754
3040301	1.423583
29647925	1.000000
29647925	0.687926
102523960	1.340973
24011928	0.645596
299787451	1.303191
54813985	0.514055
22308401	-1.212075
118148430	1.640875
340682175	-1.970880
25781835	1.044415
152069585	-0.226204
30762584	1.726003
84174374	-0.674982
33165585	1.082526
17852065	1.678042
230057649	1.863116
109602583	1.865285
164914997	-0.815930
164914997	0.819358
91514692	2.024864
72853453	1.852728
156526413	2.495848
102918061	1.328104
102918061	1.309011
104359867	0.084280
47212504	1.196731
34891784	-0.778615
48785426	1.743113
17590386	1.448578
87836479	1.227034
91252909	-0.577350
21736221	1.784407
113666273	0.070882
22571242	2.319860
132933886	1.067104
132933886	0.186272
154429709	0.109282
23772211	-1.034304
23772211	1.015759
21849822	0.344918
85354831	0.637293
167536355	-0.741352
17197399	1.542530
16279923	0.975012
62548360	2.035327
198470031	0.430208
25061785	-1.368983
23619316	1.966210
143681983	2.304933
153643496	1.976442
148269546	1.467525
37120524	1.523881
49834528	1.487324
75131453	-0.500000
176187967	2.181159
147876429	1.757581
111569512	-0.373088
43281077	1.105227
20736708	0.564272
35154637	0.451508
154188928	1.737007
154188928	1.272607
94398260	0.577350
25717653	1.438002
41423357	2.364368
19295218	-1.644571
231500791	1.023726
26110977	1.430293
85486646	1.279368
10382442	1.223198
24931458	1.338623
45247689	-0.707107
116813051	1.267761
57961728	1.526103
15363337	1.798953
70151463	-0.204324
24145278	1.035192
37907840	0.825728
37907840	1.666547
212626857	1.694511
135664216	1.437366
45248139	1.311215
77885102	1.000000
88108748	1.170633
137654067	0.309121
59797344	1.428214
46821288	2.266268
100036618	1.102176
21393428	-0.707107
193406540	0.544899
190214269	-0.465943
24034669	1.223471
55079056	-1.000000
66482405	3.423526
51278085	-0.707107
44855591	1.870408
68055358	1.126997
28471689	1.000000
34369938	1.437499
165966233	-1.000000
51540401	2.324234
74737740	1.699196
27030027	-0.500000
29127345	1.621494
31374794	0.640885
16020207	0.180355
50205488	1.763842
73534422	2.549510
68231531	0.113120
20214738	-0.342959
26899510	-0.597270
60057785	0.477644
150107232	1.940387
179205268	1.859203
22814342	1.502205
88190493	2.651741
30438657	0.500000
100693283	1.791855
77231437	-1.000000
215250300	1.548960
19054151	2.408845
28753487	1.169925
181564972	1.732051
84833865	-0.213964
56129112	2.178210
163083969	2.884894
26375895	1.013866
224163568	-1.000000
14268632	0.020556
78779356	1.613484
14186484	0.272577
100169743	1.000000
21657644	1.601678
143685711	0.802588
36993104	1.712602
221804651	0.621302
48789758	0.541334
353532199	0.860618
29129075	1.833431
110393716	-0.883826
27687347	1.451399
33192519	0.616261
97697553	1.141382
29129322	1.401161
33145033	1.250400
16939729	1.684921
136346352	2.414979
45906687	1.208395
36312192	0.559115
255490881	1.512340
67140504	-0.862339
67140504	1.210198
67140504	0.840702
67140504	0.219917
67140504	2.096501
72121269	0.637686
51018685	0.855338
244218834	1.959092
27466982	0.314561
109345774	1.683897
12085772	1.859548
51149930	-0.339289
29583898	0.855794
43809953	2.370593
64650411	1.959258
29916348	1.012997
68558950	2.006107
68558950	0.794246
36470042	-0.010299
11386762	1.185132
262045154	1.241801
103710205	0.589031
23926028	1.280882
40271456	0.799691
31227500	1.954777
66485897	1.802869
114196232	0.802469
69318395	-0.707107
127647711	1.748916
78675787	1.182013
169132002	1.710088
14188370	1.940565
338722651	2.436769
161382247	1.522096
57573246	1.138931
223510467	1.791342
59277255	0.914145
15892469	-1.389747
28868653	-0.134211
130711851	-0.569550
146702698	1.855239
21791103	-0.637321
17328877	-1.185193
52068780	2.047519
68583883	1.770732
242991409	-0.707107
109871679	2.142732
70587831	2.192718
44335698	1.116606
149717650	-0.654003
32277162	1.557644
71112243	0.712579
22840087	-1.042031
73696026	0.759019
103667204	1.226051
103667204	1.000000
284066655	0.880638
74875760	1.404336
15762369	-1.803628
81167312	-0.292528
179733548	0.587591
179733548	0.782223
31622284	1.445779
129664159	-1.283673
36603060	-0.707107
36603060	1.414214
40535321	1.346615
30021175	0.907202
26641757	0.985019
62948724	1.324390
97551762	1.141180
37258676	1.000000
32933351	1.780974
23496199	1.000000
112625162	0.577350
137827939	1.000000
61769306	0.814918
204609125	2.078304
73827948	1.058990
50890395	1.278580
257715146	1.702209
48924362	2.360201
54560535	1.968246
124553083	-0.384705
212371450	1.679976
159680515	1.656638
43288595	-0.035823
72992921	1.081452
121014454	1.155756
170166516	1.734800
27035940	1.188575
24676675	2.446147
39881040	0.792223
61507936	2.237172
84787602	0.613291
84787602	1.898550
213944713	1.555683
29395344	2.026593
49187263	0.101674
35686872	1.583963
169773581	1.833362
120359454	1.318347
16026244	1.115698
36604576	1.459782
153520807	-0.502160
66896327	1.190832
32337013	0.913804
216173613	-1.225652
20352071	1.103013
25595039	0.447214
25595039	1.467829
145976530	1.546683
168201456	0.538963
61640091	2.041124
61640091	1.959037
95579394	2.669595
21925392	1.489760
27299350	-0.227767
46042684	0.946756
30576269	1.073472
24809113	1.076105
14847667	1.289625
33853122	1.604167
14192328	1.414214
26906377	1.366573
95588127	-0.791187
134778688	1.151532
34674666	1.538114
185516701	1.303681
40800179	1.656429
48533495	1.699094
125079575	1.599615
18780209	1.590053
5410882	1.248058
142774350	1.809282
49451148	1.231050
135172302	1.828289
135172302	1.244645
148672738	1.666711
8687872	-0.089154
24678670	1.299270
27727929	0.880638
24416605	1.458657
823661	-0.707107
94802986	1.664492
17994161	-0.413308
107123152	0.667181
107123152	1.732051
18780665	1.730622
105943547	-0.613752
28121173	1.514176
48403031	1.000000
17994367	1.078622
16421676	2.276444
52597666	1.014906
35951531	-0.027606
225603074	1.896746
21533824	0.613410
33564431	1.811763
64646704	2.229619
19174701	0.288147
42636628	0.264353
159683971	3.084284
34510241	1.326745
14910478	-0.970360
116692552	1.722963
37918398	0.760416
89465222	0.962175
62953232	1.273521
14194455	-0.314027
37056146	0.494735
213867150	-1.342900
36738962	1.070339
76978130	1.686323
23107555	1.737688
59938971	-0.651492
44079284	1.125573
44079284	1.078975
54827242	1.828741
86677847	0.117912
41064811	0.202870
41064811	2.019440
33593740	-0.531633
17482879	1.000000
100702975	1.393466
52632024	0.367072
54827803	0.234793
25467739	1.225033
29137765	-1.053451
224828314	1.625032
41851807	1.004143
64134070	1.871212
22584256	1.108282
185113580	-1.579957
24288276	-0.215954
25467954	1.163158
19700823	1.407956
76808161	0.039615
30055540	1.093900
148151475	1.744508
146719954	-0.301511
19176713	0.188982
28089634	3.978062
26111881	1.231410
38575496	1.334422
40410551	0.132413
316873297	1.524667
14720577	1.286916
179216018	0.246754
157196044	1.000000
20094829	-0.810161
70597475	0.752536
41066373	-1.000000
41066429	1.769195
71999454	1.422299
71999454	1.000000
43631952	2.282591
124952578	1.280697
30449729	2.003762
46702787	1.810867
46702787	1.932613
18522339	1.580360
7119102	-0.992461
35299671	1.697874
108962139	1.091875
131777941	0.775253
21275019	1.431451
93888980	1.660452
106209772	2.463134
50010054	3.504505
17046276	-0.223516
22848249	-0.059626
195207964	1.287683
26265058	1.408568
22579057	0.344378
22579057	1.090955
190096290	1.226724
59317069	1.662313
33596410	2.008361
59810900	-1.383204
362180800	0.814421
69431491	1.406318
105170481	1.582250
50111787	1.674996
127706434	2.177449
88384942	0.752700
58107331	0.222310
109408493	0.494812
73451098	2.107439
30975545	1.268624
22586990	1.125396
95463026	0.723708
235710073	1.640766
330737357	1.838907
125216476	0.682526
347776813	1.591706
17606460	1.074443
270313297	-0.006518
36707309	1.669995
26781710	2.321926
111061007	1.300674
88385637	-0.508490
50505911	2.485519
33649023	1.191631
15757699	1.849017
118270240	1.211174
137799979	2.132140
65841501	1.804562
65841501	1.626087
38447456	-1.694941
9480552	1.000000
168995216	1.264664
109619612	1.966874
246852090	1.010298
246852090	1.142298
26257941	1.758538
73159649	0.920431
109750824	-0.060490
22456997	1.414214
169257641	1.607828
67858887	-0.508244
78424853	1.000000
231254822	2.000000
231254822	2.867970
20753218	0.856625
41987014	1.498019
91277133	0.479318
95857616	1.710841
80522200	0.232794
41593864	1.180399
57846805	0.696375
62827576	1.842306
207647246	1.407662
35695806	1.572211
259173572	1.000000
26724222	-0.577350
48409894	2.707387
75395633	-0.088306
46537960	1.533621
37268868	1.447258
106343818	-0.474970
105295278	-0.203869
211594736	1.669889
34778653	1.790551
77508151	1.152567
162704952	1.403038
200191579	1.429220
34385543	0.983029
34385543	1.039036
34385543	0.904877
201109143	-0.499754
22116515	2.018813
56536808	1.240137
56536808	-0.843186
31726895	1.293995
141471592	2.740508
90818537	1.548086
17608584	0.824335
9088912	2.335226
37924766	1.778330
51818477	0.693266
111849473	-0.483425
121548839	2.370359
37138497	1.437547
240562250	1.042845
105689202	-0.559644
143831171	1.325648
40153231	1.124411
82770269	-0.018858
21147846	1.199385
94248317	1.248129
94248317	1.100505
203474991	2.179887
152351017	1.603168
26128691	0.780132
261796204	1.415170
33468795	-0.981069
2667011	0.061874
34173722	1.886506
67935283	1.000000
30978818	2.418482
101495594	0.988762
38974254	-0.377964
74363779	1.468451
14988186	1.394534
63222686	1.000000
16561108	1.671448
91845456	2.186941
265073637	1.378886
26915822	-1.941088
16561157	1.299628
16561157	-0.882961
137802885	1.276247
112768188	1.162728
48936243	0.175144
115127643	1.484953
124171614	0.715511
154187133	-0.179204
8566202	1.895017
37795267	1.732597
24819364	-1.721105
24819364	-0.835097
57063196	1.915152
66369317	1.018180
24496439	1.012482
35043189	1.300701
106215295	1.943608
86165825	-0.129346
39368603	-0.130846
132429748	-0.627586
14071811	1.341321
20887617	1.256522
34598960	1.621329
34598960	1.042391
26917093	0.512411
123648443	1.942748
49771603	1.499313
84589104	0.995631
26000042	0.973961
113294001	1.055170
35135271	1.381631
16300847	1.467928
33995592	1.804024
112769915	0.316227
79870862	1.123208
249740207	1.306476
24296444	1.811632
24296444	1.421005
62307366	-1.078865
67288194	-2.021126
43826330	0.443564
23903425	0.928680
73710819	1.212036
104119527	1.640326
59292956	0.922539
16432502	-0.525340
219463085	2.667375
181452210	2.140318
103726582	1.566230
58113591	1.358818
31505982	1.347273
58900045	-2.032054
40549967	1.509489
21151406	1.286634
47652813	0.763032
131383004	2.380325
157073143	1.149859
43695884	2.053688
26263313	0.192370
84917736	4.261945
259964756	2.449490
17743738	1.034943
40419222	-0.347517
31637400	-0.217975
27970217	1.309110
242925562	0.423368
324845592	1.926644
324845592	1.748350
23642187	1.721630
27839168	0.969050
27181194	1.318339
40550598	2.044160
67813715	1.134111
29455760	2.437115
58245493	1.816159
24428942	1.578651
37822533	1.052579
32150710	1.439938
57459419	-0.578500
122077963	1.414214
11846412	1.451972
18677446	1.891049
17220452	1.420992
66503588	2.125215
225625058	1.435545
64144355	1.000000
36881420	1.642831
49333286	-1.117681
24167480	1.561091
72139870	1.770633
72271094	1.130535
10142992	1.000000
19449147	0.833483
130860382	-0.268403
56631539	1.968981
107922893	0.456519
28100170	0.985245
14861906	0.825923
33212014	1.131126
33212014	1.190809
74042325	0.903501
13813512	1.282942
62703400	0.048005
29280045	1.000000
107267891	0.417357
28362561	1.418530
78127415	2.000000
155633541	1.093823
36358076	1.423552
46319615	-0.447214
20105241	1.890006
208717860	0.295075
21284918	-1.000000
40421469	1.735224
117098689	2.364274
14142500	1.586666
14142500	1.853979
91277581	1.580375
34523418	1.327727
96012433	2.473087
18925912	1.738946
18925912	1.508247
179904919	-0.288016
56919428	-1.946061
46975468	0.707832
269011515	2.052260
37145174	1.621213
48024189	0.730422
92195487	1.640194
29456172	0.083412
219597675	2.742124
133199677	2.189796
26397591	1.167152
44573168	0.216470
30591912	1.538009
122735543	1.854016
82103243	1.724866
40422385	0.650115
55626762	1.210409
49728542	1.414214
26659893	-0.174711
122342454	1.000000
73709763	1.092869
148032719	1.987581
80311082	0.328307
23776572	1.653705
53530002	0.963654
41340388	0.843749
34852101	1.430971
240045684	1.196987
25087633	1.088706
44507759	1.024005
33847241	1.992973
60144852	1.637302
20500225	1.447805
186646111	2.047832
128634652	1.621153
29937443	1.579156
27752428	1.354928
27752428	1.513420
17354653	1.903808
44551498	1.249964
21811178	0.494866
26996332	-0.500000
127979661	1.567643
23514490	1.636012
323014900	-0.171406
33739001	-0.539055
18403616	1.405858
64561894	1.531281
38064611	1.212709
20763194	0.072087
350147258	1.281531
41472737	1.040237
133223156	0.950352
47370999	1.969120
38720283	1.576999
37698162	-0.577350
58774583	2.074403
22860918	-0.039708
22860918	1.732051
18535678	1.857090
5952852	1.443512
152753555	0.703843
664473	1.864483
38065575	-0.750509
24303031	1.112462
32691652	-1.297415
14210512	0.577350
242669018	0.979931
47765004	1.666491
31118986	2.176933
93730448	1.903665
108844701	0.725044
51435193	1.654839
143972135	2.103589
249354093	2.484914
75703280	0.485562
75703280	0.181369
81713058	0.068433
34002860	-0.234994
34175304	0.947312
221697984	1.399133
221697984	0.350346
221697984	1.521473
124442590	1.183386
46454765	1.802703
96631126	-0.248961
63494153	1.803877
29150895	1.246741
26900827	1.397467
102291518	0.848471
48814220	1.906939
91805903	1.097294
57334066	1.383767
41998725	1.525352
41998725	1.724442
199285309	1.360226
18512322	1.026750
53271197	0.958077
53271197	1.241593
31644368	0.933861
59693829	1.372775
23386940	1.789263
22600577	0.818372
78699412	1.513497
39508995	0.022712
65068197	1.806778
44227880	3.149466
26008899	0.820837
26008899	-1.000000
67689800	1.519709
29107434	0.505910
143056282	2.583304
41493755	-0.008503
44097042	0.218969
91676286	1.358964
15654611	1.335321
59432670	1.356619
76472196	1.446558
30859150	0.725122
52503887	1.959459
197451827	1.458597
47741623	2.037707
16441463	1.537641
53355887	1.000000
19325088	0.886241
71753909	-1.414214
132047046	0.577350
45146321	-0.069626
50668932	1.782705
46195018	1.430112
34660688	1.481774
108061022	1.475404
101507441	-0.108602
43704706	1.268795
29155725	1.000000
190112270	1.632072
46841960	0.872057
119202384	1.098633
79225463	0.632468
70050496	1.167975
98941244	1.518658
142009052	1.271552
43573984	1.089142
151315306	1.868177
18670461	0.923567
80929681	0.676803
56288236	0.657993
65332206	1.066611
107406414	1.787536
22864979	0.096497
33350760	1.000000
231662745	1.624370
55108867	1.243433
169272597	1.921579
118416700	0.933962
206497276	1.322399
100236207	1.000000
38725215	-1.000000
35710574	1.445942
100416483	2.108213
43837072	1.549540
26535635	0.840881
47245025	-0.850611
19982085	1.631133
67037023	1.498487
27453290	0.204517
234992110	1.000000
63760300	2.305919
63760300	2.307234
35055592	1.093907
32696310	0.995582
57075774	1.000000
41609286	0.707107
52619354	1.049321
206164461	2.420755
87353442	1.854644
23259301	1.157948
43968749	1.996452
60368596	1.648567
75856939	-1.669232
199551268	1.199146
42395988	-0.053909
14624492	1.621501
113175002	1.731703
42527202	1.939556
199944686	1.853295
7399942	1.000000
111208986	0.427440
144239143	1.000000
83617476	0.893542
20376203	0.838880
20376203	1.385040
69353250	1.087889
35973793	-0.768816
101640970	1.034934
39119678	1.700553
137947976	0.644897
34630111	2.141130
22211520	0.577350
15657921	1.301699
30964922	1.174459
41741406	-0.126557
26930290	0.735957
28241070	0.388018
81194207	1.000000
18469425	1.000000
50523444	1.745026
63499606	-0.568734
53144919	1.205789
107539926	2.121254
71204092	-0.812067
19459677	-0.348785
240316094	1.520731
30863103	0.827698
114618176	1.000000
112816161	2.003373
22121431	1.939695
73199547	1.139333
116582745	1.097056
195096518	-1.000000
105967686	0.696301
14610514	1.064443
59175061	1.835010
80670880	0.671336
80670880	1.554712
40825004	1.340214
72675546	2.188705
26006230	0.996907
24280451	0.880819
131133722	-1.000000
53015012	0.919311
20326511	1.021251
43840253	1.020766
28955437	1.008337
233763610	2.064082
50656082	0.578779
122876758	1.637802
45675385	1.580092
45675385	1.198400
52229042	2.460010
28636084	0.595608
37024784	1.585386
40301601	-1.389547
14611512	1.956498
78092537	1.326202
28505225	1.877906
19068056	2.640451
121697480	1.049525
24048906	0.421157
39646477	1.343641
65860919	1.276502
45020502	-0.538582
43709942	1.072896
47773203	1.941500
69400092	1.448453
69400092	2.196881
15832215	1.745517
148072816	1.396929
58783361	1.217425
58002214	1.414214
70483591	1.072349
15660991	2.299502
81721304	1.413989
109237251	0.456035
19693230	0.707107
65992743	1.511569
54982739	1.000000
82083542	-0.703372
85031707	-0.709002
72284460	1.000000
63318411	2.586688
45926933	-0.011776
30603640	1.711152
44366301	-0.500000
63371776	1.419316
47512090	1.249779
47512090	-0.125209
47512090	0.572780
76085796	2.083642
30463079	0.701062
14482033	1.732051
14482033	1.593965
86702722	0.972071
31652700	0.805367
23264115	0.917008
72809346	-0.577350
184875924	-1.150001
24968164	-0.984594
36240413	-0.951431
164953250	0.946786
36240573	1.613396
38337728	0.001733
18283806	-1.525229
89062687	1.064229
49347894	1.000000
15662446	1.260620
12647802	-0.628888
27721158	1.468593
27721158	1.443073
31784414	1.000000
151584298	1.013290
28245599	1.415059
21954155	0.459623
26541706	-1.000000
23789395	-0.603185
22871893	0.903472
19464076	1.270228
67043227	1.434240
123404292	2.559411
163905585	1.662776
65470532	1.137181
26804294	1.626705
113442968	1.171955
20250828	0.982056
19395367	1.897937
97976571	1.881821
81199361	1.954615
147390766	1.141208
147390766	0.721942
19649928	1.785649
81985859	0.606823
101777798	-1.000000
101777798	2.018601
8639902	1.414214
273744352	0.305517
57213441	1.446747
70153134	1.062629
83558926	0.446867
215155231	1.619469
163119669	1.810330
75039292	1.959847
34275908	1.391515
59703952	1.421435
14222013	-0.707107
246743752	1.692046
103482062	1.066956
103482062	1.540159
106244903	1.310020
45548272	1.147686
55116597	1.126620
55116647	0.099957
55116647	1.651374
44237673	1.898841
119341933	1.000000
43058057	-1.082688
28640188	1.603708
33227719	1.557354
187181910	1.373601
71631909	1.348363
71631909	2.419361
173081662	2.128997
153420879	1.596085
66782298	1.529986
40174690	1.162936
25756928	1.123961
28902657	1.000000
37029184	0.807227
32179539	-0.675333
30868851	1.832750
17237373	1.088592
313722240	2.344452
15827183	1.259519
22218151	1.371239
36636135	1.019154
148178565	1.623540
267376241	1.322969
95751290	1.000000
44204326	1.601290
15533804	2.143996
61277941	0.739105
124061462	1.548833
114493225	-0.763717
114493225	1.730742
114493225	1.417169
114493225	1.591154
15927102	1.667472
158795722	0.955170
105580648	-0.111564
17762418	1.076769
73205907	1.340502
36636831	0.881513
87361770	0.710398
32835819	1.084539
14747949	0.867718
23529834	0.176199
139397518	1.851973
143591839	-1.000000
56035968	1.302004
85623235	-0.008304
20122292	-1.000000
16452375	1.411754
193171585	1.489394
29035604	1.093559
79367358	1.849421
68758743	0.275975
36153616	1.403232
38735234	0.280350
22082407	-0.194665
17894885	1.711522
16059979	0.976751
227479282	1.661116
68488954	-0.060751
23138152	1.047036
23116813	2.495591
37162878	1.331665
16191451	1.288420
222367749	2.048035
92082228	1.500787
57348168	0.751984
95453883	1.679167
18288780	1.889953
18682059	0.031714
102437088	1.660461
20254987	1.318557
212144405	1.589435
18274353	-0.708998
85293785	0.707107
132845932	0.348703
213455269	1.269755
34410927	1.722994
86125985	1.000000
82514389	1.557870
224596516	-0.060432
102568490	1.672456
127341203	0.978126
39129750	-0.419125
79762105	1.203045
7410372	0.992659
115675862	1.578525
7148252	1.663568
71504615	1.792304
42537719	1.277772
63647196	1.950200
27071542	1.414214
97719351	0.434221
117642320	1.028901
63509594	1.894533
26678384	-0.065413
205722795	2.549510
28382412	1.732051
28563693	1.385334
25761261	1.644076
26547805	0.164215
31790730	0.969402
44111506	1.953447
29765247	1.614938
16417750	1.950600
32577359	1.631256
134420428	1.394857
178198557	1.821747
98637859	2.645751
99162158	1.732051
41228411	1.659842
39524555	1.324815
31135984	1.489667
31135984	2.045495
55105919	1.395039
14227714	-0.707107
94558600	1.700905
5839172	1.000000
39918075	-0.036841
15145518	1.000000
27728444	1.361280
84220503	1.821466
181738103	1.301933
95492755	1.414214
51321492	0.686580
18815645	0.843332
15407777	1.814652
266565486	2.588932
105061033	2.064783
20829901	0.958679
192223962	1.323866
62069570	1.534305
82910032	2.567571
19471203	1.368307
103226827	1.414214
15014822	1.549229
74521538	1.448728
132193328	1.512784
187401396	0.180506
22748285	0.712263
91692167	1.464510
248585481	1.509604
25894154	1.168013
147599262	1.582005
146087509	1.839787
101785202	1.748341
17243765	-1.000000
63381155	1.000000
87502798	-0.577350
59449049	-0.408248
163389153	2.081276
62594833	0.006718
17506089	1.000000
227350310	2.390573
56565592	1.308451
56565592	1.746588
53944193	1.060375
147398530	0.862773
30875531	1.262961
155394004	1.312904
124723174	1.311357
103227368	1.742820
35463191	-0.119151
66920568	1.603944
14753926	1.585787
136332618	1.414214
98115868	2.548490
15933733	0.776637
130621740	1.656613
31531344	-0.229080
63381874	0.163726
57352601	1.177390
83042822	1.948697
207168027	2.366663
253305410	1.739236
144253507	0.845295
42279528	1.672764
80861974	-0.360292
97985189	1.874492
20390646	1.160959
14579978	0.009761
48964422	-1.416589
75706511	1.396952
106374064	1.000000
43983817	1.605438
98509895	2.236068
6856	1.000000
112275643	0.707107
61154451	2.266302
55991693	1.576637
201532665	0.202995
60237077	-0.012626
39658838	2.011698
113190243	0.850618
43984400	1.745154
23144030	1.556347
7549202	1.000000
15321976	1.492181
22185592	-1.000232
51324639	1.105481
52441394	1.755080
52441394	1.451796
115812156	0.413328
223422279	1.822112
151510005	2.000000
230631375	2.019991
16590806	1.244430
16459829	1.000000
24717467	1.649182
102312102	1.932917
302590153	0.369135
117846393	0.299934
270084336	1.820783
270084336	-0.012479
41494809	1.724926
41494809	1.332821
50145568	1.525087
40708385	0.133617
105982245	2.195394
22096173	0.821782
170600837	1.000000
43681517	1.093606
147401179	1.145398
25242098	2.540628
28256775	1.000000
54078004	1.016547
26552902	0.793902
54340188	1.887158
79374977	1.465253
29940863	1.843701
36383549	1.961059
18820082	0.614204
104018430	1.194417
39529463	1.192546
35859486	1.000000
39136296	1.808572
153300019	-0.058003
73477252	1.269077
73477252	1.489394
28388532	-0.681524
110046443	-1.414214
65636227	-1.732051
113477517	1.779227
39923036	1.545068
125906294	2.534632
748903	1.463526
18010581	1.282035
143207852	2.180026
40840636	0.959996
17116636	1.000000
172830178	-1.921499
30748132	0.143842
69342689	1.067745
56199086	1.240383
71294222	1.109425
91696834	0.286750
28520156	1.959052
45166318	1.484576
140848936	0.924654
140848936	1.340275
21442525	0.708916
40185848	1.000000
30093438	1.922897
31273155	1.883320
55652551	1.459702
123788664	1.988589
21030857	0.691478
27078876	1.242681
154743023	-1.633709
19476729	1.673747
24195346	1.467292
151990557	-1.898983
298003318	0.556238
298003318	0.160722
185151831	1.271336
40317295	1.285202
86533585	0.073126
63517129	0.586313
101134807	1.031750
116077022	1.213055
36468175	1.886155
61682223	1.042724
180302423	-0.620209
27101301	0.962903
26555102	-0.965219
17380184	0.830344
34026373	-0.240369
31535940	1.405998
207172663	1.158275
88945765	1.810367
100742267	1.271590
42284195	1.269122
33502398	0.101955
265762024	1.514715
265762024	1.126120
139408640	-0.577350
188429615	1.774655
71251267	1.115752
150593079	0.570187
45430199	1.537465
17249772	1.000000
20788806	-1.492590
102442138	0.487308
177813214	1.678440
85276460	-0.178811
19478336	1.082407
15677309	-0.404676
219101081	2.675872
130627528	1.724991
25901077	1.698107
57358404	1.131993
129841416	1.342207
129841416	-0.411415
60766547	1.468696
36125035	1.446192
88291759	2.044741
139562147	1.491375
89471519	1.308773
26688050	-0.575198
24328890	1.846795
84926244	1.466375
104282873	1.172293
109720703	1.233302
22494023	1.798202
93861010	0.950201
11877272	-0.215084
42548141	-0.342550
54868922	1.131438
19610562	1.391358
19610562	-0.684442
273713665	-0.837012
75316251	1.292387
25377886	0.840570
49495146	1.321024
117259475	-0.144749
51330500	1.668505
41893331	2.000000
122502638	0.778816
16334586	1.027031
27082495	0.243289
86346369	0.347922
47267615	-0.347197
47267615	1.372370
28524423	1.284044
41369520	1.145577
22364094	1.097534
39927757	-1.315344
163266542	1.568128
140591110	1.657056
18432054	1.529917
28393572	0.738690
30359664	1.301921
82676416	-0.707107
24854693	1.000000
18694316	2.591692
95240391	1.554043
21447110	1.317388
21447110	1.521697
123683278	1.148956
30051068	1.262601
17121902	1.278444
36450858	1.732051
52773549	-0.220100
86983359	1.241036
137446090	2.169613
137446090	2.482812
151602087	-0.665213
94192555	-1.000000
26559461	-0.540331
26559461	1.191083
40340319	2.157692
39928906	1.149766
39928906	1.604886
57099412	0.160397
21185705	1.004607
51201242	1.196070
84886749	1.107347
41239795	1.909905
26559849	0.233376
16729549	1.000000
191710690	-0.026336
129713639	1.368615
88163977	2.443467
62611827	1.871222
128403144	1.000000
37347621	1.555613
90104104	0.983296
20530938	1.920093
148850431	2.326969
18564885	1.493872
31541030	-0.618428
72042294	1.314458
115226278	1.916645
31016957	1.170368
50153500	1.382449
35473512	1.687552
65882232	1.969790
105225841	1.443463
31279229	1.601776
34818236	-0.534414
233654541	-1.000000
65353439	1.000000
35998035	-0.258857
35998046	0.854819
203114873	2.197782
59433376	1.831095
53561811	1.752297
20793862	1.313226
244927129	1.063091
22432096	-0.199346
16337872	0.983870
244403169	3.150745
23809015	0.862274
3492861	2.060672
26430466	1.189500
16468999	1.178853
18041983	1.385995
25906347	0.556057
170478799	-0.677472
54480201	-1.728605
55135570	2.080598
179759974	1.284650
69307625	-0.764622
37178774	0.920009
47140370	0.398207
16207542	1.912012
19091133	1.180847
101666542	1.475353
55267093	1.479987
16731977	1.092435
30887767	1.275662
267472732	1.461614
68112317	1.000000
14110654	-0.986558
4804601	1.612922
48320589	1.342649
119754917	1.363429
119754917	0.844355
116609201	0.134097
67550204	1.292358
24989950	1.423840
88035598	-1.281301
116740392	1.732051
24465975	1.000000
25098875	1.378984
18961028	-0.556664
35345103	0.716784
25514716	-0.111765
20402945	2.315925
39277320	2.981799
42029939	1.510321
97837886	-0.387287
41112450	1.091038
107959256	-0.679344
163009551	2.417401
118445083	1.280314
167334988	2.160975
135353510	1.436784
36525284	1.955151
27350245	-1.510131
135746817	0.936590
77157638	2.492735
229463339	1.665991
30758224	1.911208
30758224	1.616115
43210103	1.738131
326981064	1.783761
111629835	0.895309
19093157	1.522318
37544909	1.492084
42555088	-0.500000
16340710	-1.000000
27481890	0.885931
28661558	1.383655
34953046	2.138754
78456443	0.707107
30478061	2.162059
22108106	-1.291579
122771413	1.000000
24598499	0.467150
24598499	2.086956
40982618	1.478678
78564301	1.000000
114724553	1.839020
93097684	1.433725
187128093	-0.304150
133781831	1.913219
229915023	0.850263
35608927	1.886646
25005825	0.905517
45570639	2.089715
164059729	2.354470
28007120	1.000000
61430483	0.983060
28400360	1.000000
7333022	0.707107
135224259	1.373523
38493230	1.195341
131947569	-0.632197
136928306	1.845653
86596668	1.448801
106912879	1.725163
50521295	0.320632
177036511	0.911848
14114124	1.558528
32988499	1.000000
32988499	1.000000
94985587	1.130338
201284986	2.000000
52256201	2.682187
139943373	0.945347
22896120	1.078878
138108420	-1.474642
146628127	1.134555
20405857	1.000000
87383676	0.019787
92726549	-1.000000
24993521	-0.117177
58679138	0.263522
52256660	1.987156
37969858	1.771119
97883060	1.613295
79519760	1.112137
60645409	2.184774
39673899	1.391635
52256812	0.999262
14639161	1.711462
14639161	1.000000
194469953	1.639529
97335994	1.573438
23552130	1.418478
108093677	1.247366
26829054	-0.190636
80961841	1.955076
37708088	1.625291
37457981	1.103048
28938305	1.156149
80306745	0.941869
134832764	1.369103
86770930	2.974934
58942192	-0.277839
80438026	1.398668
80438026	1.515387
21586708	1.926610
15819550	0.588938
89576079	1.537895
126837733	1.878891
23421942	0.872269
95129769	1.285629
30499844	2.031990
29003953	1.860969
29320250	1.513401
29320250	1.605699
27616338	1.116359
95642814	-0.198674
94463198	1.000000
31581738	1.603071
75064660	1.434669
181626211	2.170898
66293993	3.383917
51329806	0.513022
55010774	0.938716
37578205	-0.381015
29845077	1.756039
26044003	1.747445
29320856	0.605330
53962397	1.618781
262891202	2.246002
262891202	1.898883
49899203	0.782012
42428109	1.112904
25388787	0.577350
122513245	1.094620
16869274	1.056553
23816111	0.517598
19523235	1.669047
40472912	1.189180
37370876	0.838695
37447681	0.868811
42690577	0.080031
37185579	1.593319
37695070	-0.215684
20539518	1.732051
20539518	1.993161
59336871	1.302027
33438757	0.660542
25749211	1.656153
21719344	1.178834
27649767	0.801598
159213951	1.500451
17229554	0.607920
19753408	1.725050
19753408	2.131994
83313048	-0.707107
53176036	1.414214
55929373	2.637977
9267742	2.425446
147024465	1.120532
18442856	0.801466
20802230	1.413579
41118399	1.575716
95513293	1.506113
30763786	0.887732
18705168	1.221746
27749165	0.053814
26962738	1.414214
268573993	1.028304
29715418	2.372720
155937834	1.225631
155937834	2.063491
64056380	2.602637
41512032	1.335360
41512032	1.795851
22375545	1.267290
28011698	1.652621
186870968	-1.000000
91057416	1.824261
77326215	1.734941
33254725	0.500000
103378300	1.146352
23293345	1.947060
34696715	0.748005
34565716	0.906764
50163292	1.977263
97882725	-0.635399
14904980	0.365189
60265071	2.000000
16346792	-1.855467
79794806	0.873697
64372017	0.944012
29454198	-1.087413
29454198	1.622579
145583993	1.351248
126447527	1.578912
52260784	1.780621
35483640	1.837277
67596354	-0.055202
47944375	1.313792
87003846	1.160096
27357369	0.181703
34173127	0.858413
40988879	1.343665
39809261	0.387615
74281203	1.638142
136702004	0.705764
88043851	-0.603086
16609629	1.299360
19493265	1.353736
106525119	2.171825
106525119	1.904814
148468169	2.099708
76627365	1.368651
136068526	1.447283
136068526	1.156031
152823898	1.376307
101683977	-0.486966
35615362	-1.000000
24176749	-0.121182
45650714	2.192165
66941612	1.696456
34828988	-0.500000
191460029	0.796725
83325874	2.319874
79655871	0.355085
60650528	2.196355
11498532	-1.679221
17003610	0.633714
54752383	1.237537
45053077	-0.447214
34305176	1.000000
14513388	2.000000
73889055	1.037374
81229098	1.282949
138733792	2.107369
27882951	1.507582
16741861	1.000000
174945829	1.161751
18314814	0.984136
67860153	0.890395
43349698	0.267238
66287328	-0.869888
29062886	2.976495
237336307	0.793865
38616702	1.332090
28451889	0.908981
18970422	1.074052
77239268	2.175265
31553431	1.282929
83195895	1.841303
51869689	0.729977
44136513	1.688974
45840451	2.465856
48986226	1.000000
35121513	1.464793
74283268	1.360395
11893062	1.628817
40335707	1.000000
150305117	1.868644
150305117	1.314017
102594982	1.618840
188709320	1.341838
21068233	1.211640
57899467	1.388650
36665886	1.000000
128809608	3.256491
143051232	1.021301
14383851	2.203377
266435344	1.174351
266435344	1.135604
107182869	-0.314101
103119722	0.902826
103119722	1.489318
96403544	0.783677
126450598	1.775562
162626490	2.146329
51346366	0.817406
41253890	1.987665
28670981	2.000000
96697415	1.865714
79336649	1.372759
27098303	0.566455
53968110	-0.993675
138902784	2.401424
75819563	1.000000
55541014	-0.707107
58293672	1.304009
16219624	1.858059
191331887	1.710523
17661569	1.321776
43220619	1.434797
80576164	-1.741371
192249539	-0.068263
75544380	0.616167
68085415	0.743417
27492074	0.282342
111116014	1.043977
29720383	0.983201
15302502	1.344702
180322166	1.754708
70352768	-0.267261
73372997	1.159189
66944994	1.428234
25133045	1.211032
98926644	0.925726
108757085	1.598982
44138598	1.205111
29589758	0.776349
26968372	2.963995
37323083	2.346205
41517411	1.669842
87594387	1.731008
56066440	1.275108
36536768	0.259305
17793706	0.789755
94995154	-0.819325
29066013	0.818934
81756964	-0.361138
128418795	1.945003
48202783	1.734218
99063304	1.374320
85038610	1.384837
14517363	1.256548
54494347	-0.101208
37717143	2.490664
44270818	2.091228
32867577	0.033686
62096679	0.013594
25003333	0.672934
84772297	1.657343
39683534	-1.000000
33392084	1.662956
44140087	1.259983
44140170	1.602266
97093357	1.230873
97093357	1.471956
62228225	-0.500000
31688473	1.000000
23562043	-0.569877
112651232	1.362641
39683925	1.852278
43353956	0.707717
34441108	1.622883
85038748	0.766437
36669392	1.795839
153847836	2.378866
56854625	1.269053
56854625	-0.391067
190941317	2.454239
137595051	-1.108847
25004276	1.062366
108759431	1.442042
28328343	0.449272
67078577	1.000000
170913607	1.608030
149785147	2.020653
29878506	0.628023
122784600	1.355901
45583323	2.420440
21335056	1.319168
33524910	1.807065
201125066	-0.165737
191073479	1.906010
38505676	1.432588
38505676	1.050036
625893	2.274395
625893	1.852744
23369596	1.719766
244681996	1.991604
174034231	1.318863
20548923	1.917650
177401065	1.297862
19107261	1.586128
58953191	1.235524
16879120	0.850396
80055847	1.185393
180719264	1.316399
53579459	1.788477
19500757	1.066193
19500757	1.115401
153587458	1.483273
153587458	1.374981
232230706	0.538409
54235010	-0.707107
14651343	-0.300054
61817509	2.881265
295900428	1.618888
38768704	1.984521
19656034	0.835224
57118849	1.757725
171612188	1.265831
151752941	-0.153193
36278550	1.000000
25137445	0.995466
102910079	0.405727
295801176	-0.036625
144544288	0.158478
52314895	1.331357
115315325	1.537931
26055396	1.652754
134062166	-0.357752
36803323	1.907367
27497214	-0.513591
27782631	1.109333
16618358	1.000000
35885958	1.058976
17666964	-0.707107
19764376	1.000000
39556438	1.164947
69178759	0.965814
30140472	-0.448524
39425518	0.097621
12031502	0.836808
23565840	-0.162532
209950379	3.196249
57775815	1.172130
34445044	1.793335
184653567	2.660797
42964770	-0.026409
83282883	2.241339
188454722	1.769329
30906195	-0.930081
211023669	2.398993
27439873	0.750548
74160208	0.941854
64592053	2.027867
14653622	1.253043
221616350	0.093465
27105665	1.657156
19110155	0.392256
26188073	1.762188
61708598	1.455966
97884569	-2.750746
35144783	1.000000
107977185	1.610897
237476378	-1.713298
23850761	1.426323
31038100	1.368771
27761307	0.960226
74422948	1.165489
128992377	1.456562
17275631	-0.880453
64068348	0.438259
38247165	1.873798
68655986	1.936046
26079047	-0.465537
220830194	-0.307985
274837352	2.149202
71146476	1.756360
50175047	1.527117
93297773	2.517858
222534895	1.827944
231972127	0.252767
55287161	1.147665
66035073	2.422330
159096223	1.305807
25402805	1.719306
36412891	0.862809
90021387	1.792516
103128600	-2.063134
29990444	0.444800
118332991	2.995851
44277350	0.577350
27631207	1.393385
27631207	1.505942
74532121	1.069533
45194989	1.389007
27762448	1.690295
16883490	-0.734030
29073290	1.265062
110337939	1.642763
177840113	1.368322
21209093	0.829029
21209093	1.668485
43096764	1.988371
25796775	0.888116
25796775	1.893046
79143185	1.948591
16359787	1.583141
48079228	2.705512
14501288	-0.103418
88449701	1.377070
99590831	1.773499
21865140	0.935929
29991606	1.421084
30778076	-0.515329
49259334	1.142419
66036610	1.802048
43099045	2.678640
64201695	4.123106
32089096	0.852390
19506186	1.292827
33268751	1.300018
113484928	-0.707107
143238314	1.006805
71926520	-0.192305
58435031	1.475072
21472761	1.312969
15050403	1.233236
44934962	1.143365
47269517	1.000000
50939537	-1.353889
18327661	-1.715229
77965505	1.542746
17803467	0.902078
60270864	3.573983
17017116	-0.363843
17017116	1.193456
17017116	1.178577
81766703	2.234438
52144497	1.340275
33532280	1.098368
21819802	1.000000
67086764	0.276317
126200268	0.577350
25405932	0.668155
34712078	1.000000
16493145	0.464323
20949599	1.526099
151628429	0.389286
17279672	0.258426
78490318	-0.231884
14133970	1.563028
94542980	2.236988
34162479	2.119342
352693060	1.885069
92576909	1.035958
38251364	1.355636
108768148	0.671444
102345634	1.734270
48212984	1.694399
31042554	1.505558
40086534	1.000000
80849932	2.079919
21081120	0.767943
128167000	1.394646
17164946	1.149354
154905767	1.916123
63941829	-1.336599
43155081	-1.252786
21474567	0.453984
50703659	0.707107
238398771	-0.044259
34057526	-0.118312
54111567	1.528590
37072211	0.915799
24358250	1.000000
34581904	1.363391
124628388	1.000000
27504065	1.911422
73641551	1.847668
24096352	-0.577350
52932223	1.267993
38383246	1.088165
24751826	1.073905
24751826	1.024526
113487587	1.534046
58083306	1.812718
15445916	1.285159
112046160	1.345920
34320467	2.685589
48607428	0.229575
54767834	1.428029
141144308	1.520079
28815846	1.575723
89912062	0.682057
45593133	2.449490
28553817	1.492478
79934094	0.963864
42447616	1.250003
100774677	1.414214
12301152	-0.094733
67220371	2.705698
36025266	0.978130
24490991	1.308274
41835271	1.207545
16364598	1.002634
99108503	1.678496
87443638	2.130971
38646857	0.669350
41006246	1.290240
41006246	-0.854104
19379404	1.883234
16626947	1.404202
78493017	2.065643
24753529	1.412712
156087676	0.783653
201307535	1.073752
140621234	0.159498
84653516	1.251607
62240213	-0.067577
236581802	1.349954
35632643	1.104710
68269676	-0.020771
236041895	1.438273
28948200	0.726626
37598953	1.000000
97367786	2.261862
84391669	-0.452450
38516605	-1.413304
96188294	1.683530
636833	2.206557
14923682	1.987962
152386610	1.373262
61716485	2.375579
181778444	1.870721
73512984	1.060133
46118961	1.658261
23967831	1.046935
74299493	0.938015
37468279	2.002246
235780248	-1.686048
26982581	1.401687
14399768	1.732051
40745276	0.720455
40745276	0.969144
88324469	0.743239
88324469	0.823334
97892756	1.549102
29735321	1.100383
63027681	1.716994
163297814	1.506860
35764827	1.525140
109165202	2.449490
40483493	1.787174
30784186	0.279665
125287111	1.723884
60799703	1.257751
190036698	0.275849
190036698	1.262477
27114278	-0.965809
31570750	2.091977
38910876	0.642385
35241042	0.415633
44809389	2.078462
45989064	1.582268
26123988	-0.239560
309679603	1.825592
40615267	1.690631
40615267	0.890507
37862950	1.695051
129482391	2.160515
129482391	1.938410
60923851	1.189997
29357348	-0.029948
47431455	1.714379
56082220	1.966383
183615305	2.115943
170245995	0.907439
74688652	0.878867
17145866	0.853217
39436377	0.383297
74555437	1.404661
203407739	1.432505
18727311	1.609291
81058110	2.609819
133677522	1.825635
15790186	1.261441
110608920	2.250056
29117190	-0.017317
82166349	1.442674
59621994	1.000000
24245693	0.721415
25019012	1.000000
16630465	1.000000
219499297	2.020712
42713811	-1.729590
49791709	0.911826
91964288	1.444356
40354705	0.851920
283624429	1.357763
163431445	0.756746
36107786	1.590317
22529116	1.112458
15975529	2.010268
85674870	-0.528256
18990330	0.564661
48219388	0.764929
167703755	2.037096
112837913	1.183521
21742901	-0.447214
50632300	-0.687668
35112291	1.470328
19252644	-1.014365
17417678	1.107925
235399909	2.000602
77973051	1.186333
62637638	1.766734
107607653	1.362378
190039649	0.945613
18653468	1.771622
75089583	1.201917
72468226	-0.955539
94619486	1.235691
41666429	0.003430
148883345	0.353553
23971755	1.681770
14927794	1.497396
25675755	1.088810
69191820	1.152399
320162851	1.414689
126732544	1.000000
126732544	1.310082
45414104	1.582228
14141751	1.678083
157196683	1.757889
39013441	1.982563
207341968	1.057734
40593940	1.708656
228575667	1.609493
36162063	2.095513
20695576	1.367646
162777718	-1.179694
3000951	0.726824
11641292	1.377995
96455386	1.710494
50449117	1.000000
63425403	0.248320
96979837	1.584494
143248271	1.581917
34589651	-0.345990
26069981	1.023307
168545272	1.682316
155307024	1.595050
155307024	1.802169
18336787	1.121127
18336787	1.593128
22268958	1.739092
69192747	0.500000
56118454	1.545280
69192786	1.495079
50842718	1.295506
88591455	1.547702
193449068	1.379356
94227592	1.249976
34852140	1.602564
20860129	0.132324
175492464	1.804448
175492464	1.718254
24628607	1.344492
117427684	1.382439
117427684	-2.000000
36556307	-0.127568
24628813	1.073352
39833244	-0.577350
21483179	1.230178
28036872	0.601973
157929310	0.957079
22532016	2.687876
22532016	1.035182
224645051	1.718854
122277862	1.271993
85839856	1.359758
103959896	1.310780
103959896	1.247400
79679514	-0.241866
32624685	0.562751
30658664	2.033605
39178370	-0.628945
16634031	2.000000
26333400	1.710112
14405935	1.000000
28823964	-0.499567
19899121	2.073456
36557242	1.000000
15847874	1.550710
19124737	1.000000
27382286	2.655164
53203552	1.178935
128963288	1.232375
66179831	1.000000
31970067	1.214729
28693398	2.080890
23843742	0.824470
18600881	1.298585
144167861	0.942813
88331245	1.274926
210490477	1.664190
79870351	1.510877
41771605	1.166217
41771605	1.163088
22193015	2.043855
22193015	1.269820
99472605	0.022145
19911910	1.000000
165532997	1.530299
48354734	1.794548
48354734	1.635864
48354734	2.493224
22533571	1.676310
24892883	1.316814
66442711	1.041155
176674391	2.495959
32495253	-0.281536
27252429	1.000000
47941255	-0.632456
25392432	1.214651
171562931	1.723731
88987638	1.148200
191617018	1.252069
43112449	-0.353553
113104926	2.747182
133421141	-0.081392
133421141	1.126747
133421141	1.485430
24893634	0.074487
22927598	1.548633
71456318	1.370710
66574616	1.886591
166320425	1.179342
31578443	0.983139
107993425	1.593405
26073441	1.214637
50190735	2.257538
58972648	1.160824
58972648	1.617456
86764289	1.324045
197108839	-0.086180
36428397	1.000000
53410239	2.377563
55696003	2.163061
32889495	-0.355100
23714479	1.719491
18850934	-1.000000
43375346	-0.312193
58710786	1.402861
86440412	1.769090
33989767	0.707107
56744754	1.822789
61987663	0.899040
40098708	1.089800
27777999	2.171007
91085782	1.450773
24632314	1.327287
27778192	-1.931890
40754375	-0.225248
41934046	1.312086
39312631	1.151533
34856186	0.046679
35118348	1.094627
106683674	2.038129
74308934	1.732051
29089150	1.165122
52492892	0.238495
33807927	1.654394
94494311	1.796398
41410173	1.000000
61202049	0.082212
18472659	0.420281
132898533	1.643776
44293941	2.792732
31317823	-0.500000
28837888	-0.571883
57008013	1.501328
26337216	0.743062
23591599	1.938558
284418112	0.205215
84998840	2.184608
84998840	1.872076
51241070	-0.033861
51241070	1.001803
51241070	1.319961
51241070	1.436193
38920322	-0.523838
107864204	0.901448
15720594	1.414214
27517113	1.476923
105767103	1.457810
56484133	1.875124
26165036	0.723969
116325090	1.733030
44556662	-0.500000
22929836	1.000000
11788732	1.000000
20701637	1.441567
20701637	1.331589
18567256	1.329667
129410479	0.408248
118612547	1.940635
118612547	2.115076
25944668	1.858456
39051889	2.236862
39713564	1.490846
21619385	0.997595
155706090	-1.732051
33284871	1.076484
15328029	1.031839
19915647	1.623375
317973382	1.831275
119268251	1.933640
60023748	1.368631
243262466	2.645751
129650862	-1.000000
110486604	1.290795
15574543	-0.483206
190927038	1.020906
37461645	1.095037
75889519	0.972439
15459571	1.188235
360456772	2.120090
6546792	1.572287
324134258	-0.927026
27911541	0.872355
27911541	1.567868
74535154	1.406005
94102967	1.270890
785314	0.786030
50062865	-1.458374
21975320	1.538013
231073435	1.126167
45606574	1.202767
55568071	1.903593
20473750	1.321823
14673699	0.127682
104589102	0.958329
97773423	-0.780060
33548158	1.927012
15460362	-0.520158
162654222	0.951151
30795815	1.949250
23455838	1.429166
108390504	1.592584
9955452	1.239172
127658113	1.238178
37742723	1.667470
80341149	1.423667
80341149	1.252490
30664925	-1.193730
99013312	2.006480
133772352	1.339704
133772352	1.975830
133772352	1.527740
119269743	1.302488
137488753	1.729673
91351415	1.906825
24242585	-0.092116
18868737	0.925836
21490244	-1.000000
61690297	1.109352
61690297	1.262228
138144355	1.697336
48884518	0.252422
27650903	1.540822
63695781	1.176166
48124404	1.412342
130804666	1.436480
33750175	1.863145
58190799	-0.577350
309980161	-0.085568
24138243	0.972297
23587863	1.359936
157936766	1.212315
157936766	2.064603
74469922	2.188892
59361680	1.176937
145092006	1.237228
241084326	0.694555
48885282	1.165679
48885282	0.597040
33287740	0.577350
183496254	2.052645
21491416	0.863581
33681150	1.827726
25423693	1.108902
7728982	0.245029
76935099	-1.174833
61730864	1.566782
70122849	1.255277
215085178	1.697763
26341526	1.324093
76673176	0.445034
6247112	1.719599
49934560	2.015816
203682090	1.526417
44238653	1.427217
253420706	1.562953
101025428	1.252114
62386691	2.088485
197796133	1.586780
59503565	-0.100008
59110369	1.328451
32371743	0.822115
26604578	0.310790
3142691	2.497156
31323289	0.804209
116126878	1.372089
65795266	1.718405
14546144	1.000682
15987967	1.212781
38401342	1.974782
62256549	-0.974325
84014563	0.235244
65273425	-0.333333
81262063	1.220166
59344297	1.357557
48100887	1.550709
48100887	2.146067
164822623	-0.111309
59091219	2.167895
116782843	1.924097
9172812	1.474934
79951804	1.732051
27129938	1.448431
125827194	2.084999
30537862	-0.259588
129460337	0.333333
53564443	0.270807
154773873	2.011447
182057154	-0.707107
94501097	1.641043
19790063	1.810764
24246562	1.676284
110754147	1.290378
64223766	-0.709900
52820535	2.486398
16382522	-1.414214
60553797	1.900068
90483131	-0.945656
27392624	0.707107
86004846	1.871610
71432985	-0.707107
50413365	1.501080
127663032	0.179002
39451601	1.000000
61864952	-1.068063
87161862	2.212011
27393044	1.000000
162397264	1.535907
162397264	1.601779
96074850	2.007180
64617585	0.610199
26344641	1.319399
19659989	0.577350
73749721	1.547197
30801285	2.243459
67239304	1.934047
39837333	0.257056
50200114	1.598079
50200114	1.302875
50200114	0.795200
50200114	1.459043
67763787	0.907805
119668356	1.339884
54787733	1.000000
125173483	0.700696
17301274	1.075007
71302939	0.577350
1310701	0.852182
16252844	1.333125
30801878	2.140383
48627682	1.499909
